{
    {
        ["Item"] = "MetalTruss",
        ["Amount"] = 37,
        ["Whole"] = false,
        {
            CFrame.new(
                4.77490234,
                9.4642334,
                8.26965332,
                -0.866007447,
                0,
                0.500031412,
                0,
                -1.00000024,
                0,
                0.500031412,
                0,
                0.866007268
            )
        },
        {
            CFrame.new(
                -4.7746582,
                13.4840336,
                -8.26989746,
                0.86603719,
                -0.249986798,
                -0.432996809,
                -9.63360071e-06,
                -0.866037607,
                0.499979615,
                -0.499979615,
                -0.432996809,
                -0.750023246
            )
        },
        {
            CFrame.new(
                -2.04223633,
                18.9481449,
                -3.53747559,
                0.866039872,
                -0.432986617,
                -0.249995217,
                1.70618296e-05,
                -0.499990225,
                0.866031528,
                -0.499975026,
                -0.750022173,
                -0.433004141
            )
        },
        {
            CFrame.new(
                -4.7746582,
                5.4642334,
                -8.26989746,
                0.86603719,
                0.249986798,
                -0.432996809,
                9.63360071e-06,
                -0.866037607,
                -0.499979615,
                -0.499979615,
                0.432996809,
                -0.750023246
            )
        },
        {
            CFrame.new(
                -2.04223633,
                0,
                -3.53747559,
                0.866039872,
                0.432986617,
                -0.249995217,
                -1.70618296e-05,
                -0.499990225,
                -0.866031528,
                -0.499975026,
                0.750022173,
                -0.433004141
            )
        },
        {
            CFrame.new(
                4.77490234,
                5.4642334,
                8.26965332,
                -0.866037607,
                -0.249986798,
                0.432996809,
                9.63360071e-06,
                -0.866037607,
                -0.499979615,
                0.499979615,
                -0.432996809,
                0.750022829
            )
        },
        {
            CFrame.new(
                2.04248047,
                18.9481449,
                3.5369873,
                -0.866040349,
                0.432986617,
                0.249995217,
                1.70618296e-05,
                -0.499990225,
                0.866031528,
                0.499975026,
                0.750022173,
                0.433003545
            )
        },
        {
            CFrame.new(
                0.0424804688,
                18.9481449,
                0.0733642578,
                -0.866039991,
                0.499974549,
                5.5283308e-06,
                -5.5283308e-06,
                -2.06232071e-05,
                0.99999994,
                0.499974549,
                0.866040051,
                2.06232071e-05
            )
        },
        {
            CFrame.new(
                0.0427246094,
                0,
                0.0736083984,
                -0.866039991,
                -0.499974549,
                5.5283308e-06,
                5.5283308e-06,
                -2.06232071e-05,
                -0.99999994,
                0.499974549,
                -0.866040051,
                2.06232071e-05
            )
        },
        {
            CFrame.new(
                2.04223633,
                0,
                3.53747559,
                -0.866040349,
                -0.432986617,
                0.249995217,
                -1.70618296e-05,
                -0.499990225,
                -0.866031528,
                0.499975026,
                -0.750022173,
                0.433003545
            )
        },
        {
            CFrame.new(
                4.77490234,
                13.4840336,
                8.26965332,
                -0.866037607,
                0.249986798,
                0.432996809,
                -9.63360071e-06,
                -0.866037607,
                0.499979615,
                0.499979615,
                0.432996809,
                0.750022829
            )
        },
        {
            CFrame.new(
                -4.7746582,
                9.4642334,
                -8.26989746,
                0.866007268,
                0,
                -0.500031412,
                0,
                -1.00000024,
                -0,
                -0.500031412,
                0,
                -0.866007447
            )
        },
        {
            CFrame.new(
                -0.0219726562,
                0,
                0.0821533203,
                -0.965939164,
                0.258770257,
                1.66893005e-06,
                1.66893005e-06,
                1.257658e-05,
                -1.00000012,
                -0.258770257,
                -0.965939045,
                -1.28746033e-05
            )
        },
        {
            CFrame.new(
                -2.47143555,
                5.4642334,
                9.22387695,
                -0.965926886,
                0.129427612,
                -0.224129096,
                -2.99140811e-05,
                -0.866036773,
                -0.499980479,
                -0.258815289,
                -0.482937843,
                0.836531937
            )
        },
        {
            CFrame.new(
                1.05737305,
                0,
                -3.94555664,
                0.965926945,
                -0.224134564,
                0.129417449,
                4.09781933e-07,
                -0.500037193,
                -0.86600399,
                0.258814961,
                0.836496592,
                -0.482999325
            )
        },
        {
            CFrame.new(
                2.47143555,
                9.4642334,
                -9.22375488,
                0.965929627,
                0,
                0.258804798,
                0,
                -1,
                0,
                0.258804798,
                0,
                -0.965929747
            )
        },
        {
            CFrame.new(
                1.05737305,
                18.9481449,
                -3.9453125,
                0.965926945,
                0.224134564,
                0.129417449,
                -4.09781933e-07,
                -0.500037193,
                0.86600399,
                0.258814961,
                -0.836496592,
                -0.482999325
            )
        },
        {
            CFrame.new(
                -1.05688477,
                18.9481449,
                3.94543457,
                -0.965926886,
                -0.224134564,
                -0.129417449,
                -4.09781933e-07,
                -0.500037193,
                0.86600399,
                -0.258814961,
                0.836496592,
                0.482999265
            )
        },
        {
            CFrame.new(
                -0.0219726562,
                18.9481449,
                0.0817871094,
                -0.965939164,
                -0.258770257,
                1.66893005e-06,
                -1.66893005e-06,
                1.257658e-05,
                1.00000012,
                -0.258770257,
                0.965939045,
                -1.28746033e-05
            )
        },
        {
            CFrame.new(
                -2.47143555,
                13.4840336,
                9.22387695,
                -0.965926886,
                -0.129427612,
                -0.224129096,
                2.99140811e-05,
                -0.866036773,
                0.499980479,
                -0.258815289,
                0.482937843,
                0.836531937
            )
        },
        {
            CFrame.new(
                2.47143555,
                5.4642334,
                -9.22375488,
                0.965926826,
                -0.129427612,
                0.224129096,
                -2.99140811e-05,
                -0.866036773,
                -0.499980479,
                0.258815289,
                0.482937843,
                -0.836531997
            )
        },
        {
            CFrame.new(
                -2.47143555,
                9.4642334,
                9.22387695,
                -0.965929747,
                -0,
                -0.258804798,
                0,
                -1,
                0,
                -0.258804798,
                0,
                0.965929627
            )
        },
        {
            CFrame.new(
                -1.05712891,
                0,
                3.94567871,
                -0.965926886,
                0.224134564,
                -0.129417449,
                4.09781933e-07,
                -0.500037193,
                -0.86600399,
                -0.258814961,
                -0.836496592,
                0.482999265
            )
        },
        {
            CFrame.new(
                2.47143555,
                13.4840336,
                -9.22375488,
                0.965926826,
                0.129427612,
                0.224129096,
                2.99140811e-05,
                -0.866036773,
                0.499980479,
                0.258815289,
                -0.482937843,
                -0.836531997
            )
        },
        {
            CFrame.new(
                0.000244140625,
                18.9481449,
                -4.08459473,
                1,
                0,
                0,
                0,
                -0.499959469,
                0.866048813,
                0,
                -0.866048813,
                -0.499959469
            )
        },
        {
            CFrame.new(
                0.000244140625,
                0,
                4.08508301,
                -1,
                -0,
                0,
                0,
                -0.499959469,
                -0.866048813,
                0,
                -0.866048813,
                0.499959469
            )
        },
        {
            CFrame.new(
                0.000244140625,
                5.4642334,
                -9.5489502,
                1,
                0,
                0,
                0,
                -0.866007447,
                -0.500031412,
                0,
                0.500031412,
                -0.866007447
            )
        },
        {
            CFrame.new(
                0.000244140625,
                5.4642334,
                9.5489502,
                -1.00000024,
                -0,
                0,
                0,
                -0.866007447,
                -0.500031412,
                0,
                -0.500031412,
                0.866007268
            )
        },
        {
            CFrame.new(
                0.000244140625,
                13.4840336,
                -9.5489502,
                1,
                0,
                0,
                0,
                -0.866007447,
                0.500031412,
                0,
                -0.500031412,
                -0.866007447
            )
        },
        {
            CFrame.new(
                0.000244140625,
                13.4840336,
                9.5489502,
                -1.00000024,
                0,
                0,
                0,
                -0.866007447,
                0.500031412,
                0,
                0.500031412,
                0.866007268
            )
        },
        {CFrame.new(0.000244140625, 9.4642334, 9.5489502, -1, 0, 0, 0, -1, 0, 0, 0, 1)},
        {CFrame.new(0.000244140625, 18.9481449, 0.0848388672, -1, 0, 0, 0, 0, 1, 0, 1, -0)},
        {CFrame.new(0.000244140625, 9.4642334, -9.5489502, 1, 0, 0, 0, -1, 0, 0, 0, -1)},
        {CFrame.new(0.000244140625, 0, 0.0850830078, -1, 0, -0, 0, 0, -1, 0, -1, -0)},
        {
            CFrame.new(
                0.000244140625,
                0,
                -4.08483887,
                1,
                0,
                0,
                0,
                -0.499959469,
                -0.866048813,
                0,
                0.866048813,
                -0.499959469
            )
        },
        {
            CFrame.new(
                0.000244140625,
                18.9481449,
                4.08483887,
                -1,
                0,
                0,
                0,
                -0.499959469,
                0.866048813,
                0,
                0.866048813,
                0.499959469
            )
        },
        {
            CFrame.new(
                -3.5378418,
                18.9481449,
                -2.04260254,
                0.500048637,
                -0.74998486,
                -0.432982802,
                1.5437603e-05,
                -0.499974132,
                0.866040468,
                -0.865997314,
                -0.43306911,
                -0.249999881
            )
        },
        {
            CFrame.new(
                0.0734863281,
                0,
                0.0423583984,
                -0.500061035,
                -0.865990162,
                -2.33948231e-05,
                -2.33948231e-05,
                4.05311584e-05,
                -1,
                0.865990162,
                -0.500061035,
                -4.05311584e-05
            )
        },
        {
            CFrame.new(
                8.26953125,
                13.4840336,
                4.77429199,
                -0.499990225,
                0.432986617,
                0.750022173,
                1.70618296e-05,
                -0.866040349,
                0.499975026,
                0.866031528,
                0.249995217,
                0.433003545
            )
        },
        {
            CFrame.new(
                -8.27050781,
                5.4642334,
                -4.77478027,
                0.499989629,
                0.432986617,
                -0.750022173,
                -1.70618296e-05,
                -0.866040349,
                -0.499975026,
                -0.866031528,
                0.249995217,
                -0.433004141
            )
        },
        {
            CFrame.new(
                -8.27050781,
                9.4642334,
                -4.77478027,
                0.499959469,
                0,
                -0.866048813,
                0,
                -1,
                -0,
                -0.866048813,
                0,
                -0.499959469
            )
        },
        {
            CFrame.new(
                -3.5378418,
                0,
                -2.04260254,
                0.500048637,
                0.74998486,
                -0.432982802,
                -1.5437603e-05,
                -0.499974132,
                -0.866040468,
                -0.865997314,
                0.43306911,
                -0.249999881
            )
        },
        {
            CFrame.new(
                3.53710938,
                0,
                2.0423584,
                -0.500048876,
                -0.74998486,
                0.432982802,
                -1.5437603e-05,
                -0.499974132,
                -0.866040468,
                0.865997314,
                -0.43306911,
                0.249999702
            )
        },
        {
            CFrame.new(
                8.26953125,
                5.4642334,
                4.77429199,
                -0.499990225,
                -0.432986617,
                0.750022173,
                -1.70618296e-05,
                -0.866040349,
                -0.499975026,
                0.866031528,
                -0.249995217,
                0.433003545
            )
        },
        {
            CFrame.new(
                0.0729980469,
                18.9481449,
                0.0423583984,
                -0.500061035,
                0.865990162,
                -2.33948231e-05,
                2.33948231e-05,
                4.05311584e-05,
                1,
                0.865990162,
                0.500061035,
                -4.05311584e-05
            )
        },
        {
            CFrame.new(
                8.26953125,
                9.4642334,
                4.77429199,
                -0.499959469,
                0,
                0.866048813,
                0,
                -1,
                0,
                0.866048813,
                0,
                0.499959469
            )
        },
        {
            CFrame.new(
                -8.27050781,
                13.4840336,
                -4.77478027,
                0.499989629,
                -0.432986617,
                -0.750022173,
                1.70618296e-05,
                -0.866040349,
                0.499975026,
                -0.866031528,
                -0.249995217,
                -0.433004141
            )
        },
        {
            CFrame.new(
                3.53710938,
                18.9481449,
                2.04187012,
                -0.500048876,
                0.74998486,
                0.432982802,
                1.5437603e-05,
                -0.499974132,
                0.866040468,
                0.865997314,
                0.43306911,
                0.249999702
            )
        },
        {
            CFrame.new(
                -4.7746582,
                13.4840336,
                8.26989746,
                -0.866037607,
                -0.249986798,
                -0.432996809,
                9.63360071e-06,
                -0.866037607,
                0.499979615,
                -0.499979615,
                0.432996809,
                0.750022829
            )
        },
        {
            CFrame.new(
                -4.7746582,
                5.4642334,
                8.26989746,
                -0.866037607,
                0.249986798,
                -0.432996809,
                -9.63360071e-06,
                -0.866037607,
                -0.499979615,
                -0.499979615,
                -0.432996809,
                0.750022829
            )
        },
        {
            CFrame.new(
                2.04223633,
                18.9481449,
                -3.53723145,
                0.866039872,
                0.432986617,
                0.249995217,
                -1.70618296e-05,
                -0.499990225,
                0.866031528,
                0.499975026,
                -0.750022173,
                -0.433004141
            )
        },
        {
            CFrame.new(
                -2.04223633,
                18.9481449,
                3.53771973,
                -0.866040349,
                -0.432986617,
                -0.249995217,
                -1.70618296e-05,
                -0.499990225,
                0.866031528,
                -0.499975026,
                0.750022173,
                0.433003545
            )
        },
        {
            CFrame.new(
                2.04248047,
                0,
                -3.53747559,
                0.866039872,
                -0.432986617,
                0.249995217,
                1.70618296e-05,
                -0.499990225,
                -0.866031528,
                0.499975026,
                0.750022173,
                -0.433004141
            )
        },
        {
            CFrame.new(
                -2.04248047,
                0,
                3.53796387,
                -0.866040349,
                0.432986617,
                -0.249995217,
                1.70618296e-05,
                -0.499990225,
                -0.866031528,
                -0.499975026,
                -0.750022173,
                0.433003545
            )
        },
        {
            CFrame.new(
                4.7746582,
                5.4642334,
                -8.26965332,
                0.86603719,
                -0.249986798,
                0.432996809,
                -9.63360071e-06,
                -0.866037607,
                -0.499979615,
                0.499979615,
                0.432996809,
                -0.750023246
            )
        },
        {
            CFrame.new(
                -0.0422363281,
                18.9481449,
                0.0736083984,
                -0.866039991,
                -0.499974549,
                -5.5283308e-06,
                5.5283308e-06,
                -2.06232071e-05,
                0.99999994,
                -0.499974549,
                0.866040051,
                2.06232071e-05
            )
        },
        {
            CFrame.new(
                -0.0424804688,
                0,
                0.0738525391,
                -0.866039991,
                0.499974549,
                -5.5283308e-06,
                -5.5283308e-06,
                -2.06232071e-05,
                -0.99999994,
                -0.499974549,
                -0.866040051,
                2.06232071e-05
            )
        },
        {
            CFrame.new(
                -4.7746582,
                9.4642334,
                8.26989746,
                -0.866007447,
                -0,
                -0.500031412,
                0,
                -1.00000024,
                0,
                -0.500031412,
                0,
                0.866007268
            )
        },
        {
            CFrame.new(
                4.7746582,
                9.4642334,
                -8.26965332,
                0.866007268,
                0,
                0.500031412,
                0,
                -1.00000024,
                0,
                0.500031412,
                0,
                -0.866007447
            )
        },
        {
            CFrame.new(
                4.7746582,
                13.4840336,
                -8.26965332,
                0.86603719,
                0.249986798,
                0.432996809,
                9.63360071e-06,
                -0.866037607,
                0.499979615,
                0.499979615,
                -0.432996809,
                -0.750023246
            )
        },
        {
            CFrame.new(
                -3.9453125,
                18.9481449,
                1.05749512,
                -0.258811951,
                -0.836520255,
                -0.482960045,
                -4.39882278e-05,
                -0.499985933,
                0.866033673,
                -0.96592778,
                0.224161029,
                0.129365444
            )
        },
        {
            CFrame.new(
                9.22387695,
                9.4642334,
                -2.47131348,
                0.258864343,
                0,
                0.965913713,
                0,
                -1,
                0,
                0.965913713,
                0,
                -0.258864403
            )
        },
        {
            CFrame.new(
                -0.08203125,
                0,
                0.0222167969,
                -0.25886941,
                0.965912342,
                1.719594e-05,
                1.719594e-05,
                2.24113464e-05,
                -1,
                -0.965912342,
                -0.25886941,
                -2.24113464e-05
            )
        },
        {
            CFrame.new(
                3.94555664,
                18.9481449,
                -1.05700684,
                0.258811831,
                0.836520255,
                0.482960045,
                -4.39882278e-05,
                -0.499985933,
                0.866033673,
                0.96592778,
                -0.224161029,
                -0.129365563
            )
        },
        {
            CFrame.new(
                -0.0817871094,
                18.9481449,
                0.0220947266,
                -0.25886941,
                -0.965912342,
                1.719594e-05,
                -1.719594e-05,
                2.24113464e-05,
                1,
                -0.965912342,
                0.25886941,
                -2.24113464e-05
            )
        },
        {
            CFrame.new(
                -9.22363281,
                5.4642334,
                2.47180176,
                -0.258815885,
                0.482913196,
                -0.836546302,
                1.33365393e-05,
                -0.866054058,
                -0.499951124,
                -0.965927005,
                -0.129406318,
                0.224141598
            )
        },
        {
            CFrame.new(
                -3.94555664,
                0,
                1.05749512,
                -0.258811951,
                0.836520255,
                -0.482960045,
                4.39882278e-05,
                -0.499985933,
                -0.866033673,
                -0.96592778,
                -0.224161029,
                0.129365444
            )
        },
        {
            CFrame.new(
                -9.22363281,
                9.4642334,
                2.47180176,
                -0.258864403,
                -0,
                -0.965913713,
                0,
                -1,
                0,
                -0.965913713,
                0,
                0.258864343
            )
        },
        {
            CFrame.new(
                3.94580078,
                0,
                -1.05700684,
                0.258811831,
                -0.836520255,
                0.482960045,
                4.39882278e-05,
                -0.499985933,
                -0.866033673,
                0.96592778,
                0.224161029,
                -0.129365563
            )
        },
        {
            CFrame.new(
                9.22387695,
                13.4840336,
                -2.47131348,
                0.258815587,
                0.482913077,
                0.836546123,
                -1.33365393e-05,
                -0.866053581,
                0.499951005,
                0.965926707,
                -0.129406273,
                -0.224141717
            )
        },
        {
            CFrame.new(
                -9.22363281,
                13.4840336,
                2.47180176,
                -0.258815885,
                -0.482913196,
                -0.836546302,
                -1.33365393e-05,
                -0.866054058,
                0.499951124,
                -0.965927005,
                0.129406318,
                0.224141598
            )
        },
        {
            CFrame.new(
                9.22387695,
                5.4642334,
                -2.47131348,
                0.258815587,
                -0.482913077,
                0.836546123,
                1.33365393e-05,
                -0.866053581,
                -0.499951005,
                0.965926707,
                0.129406273,
                -0.224141717
            )
        },
        {
            CFrame.new(
                -3.53735352,
                18.9481449,
                2.04272461,
                -0.500048637,
                -0.749959946,
                -0.433025897,
                3.43620777e-05,
                -0.500048637,
                0.865997255,
                -0.865997255,
                0.433025897,
                0.250074446
            )
        },
        {
            CFrame.new(
                8.27001953,
                9.4642334,
                -4.77416992,
                0.499959469,
                0,
                0.866048813,
                0,
                -1,
                0,
                0.866048813,
                0,
                -0.499959469
            )
        },
        {
            CFrame.new(
                -8.26953125,
                9.4642334,
                4.77490234,
                -0.499959469,
                -0,
                -0.866048813,
                0,
                -1,
                0,
                -0.866048813,
                0,
                0.499959469
            )
        },
        {
            CFrame.new(
                -8.26953125,
                5.4642334,
                4.77490234,
                -0.499990225,
                0.432986617,
                -0.750022173,
                1.70618296e-05,
                -0.866040349,
                -0.499975026,
                -0.866031528,
                -0.249995217,
                0.433003545
            )
        },
        {
            CFrame.new(
                8.27001953,
                5.4642334,
                -4.77416992,
                0.499989629,
                -0.432986617,
                0.750022173,
                1.70618296e-05,
                -0.866040349,
                -0.499975026,
                0.866031528,
                0.249995217,
                -0.433004141
            )
        },
        {
            CFrame.new(
                3.53759766,
                18.9481449,
                -2.04199219,
                0.500048637,
                0.749959946,
                0.433025897,
                3.43620777e-05,
                -0.500048637,
                0.865997255,
                0.865997255,
                -0.433025897,
                -0.250074387
            )
        },
        {
            CFrame.new(
                -3.53759766,
                0,
                2.04284668,
                -0.500048637,
                0.749959946,
                -0.433025897,
                -3.43620777e-05,
                -0.500048637,
                -0.865997255,
                -0.865997255,
                -0.433025897,
                0.250074446
            )
        },
        {
            CFrame.new(
                8.27001953,
                13.4840336,
                -4.77416992,
                0.499989629,
                0.432986617,
                0.750022173,
                -1.70618296e-05,
                -0.866040349,
                0.499975026,
                0.866031528,
                -0.249995217,
                -0.433004141
            )
        },
        {
            CFrame.new(
                -8.26953125,
                13.4840336,
                4.77490234,
                -0.499990225,
                -0.432986617,
                -0.750022173,
                -1.70618296e-05,
                -0.866040349,
                0.499975026,
                -0.866031528,
                0.249995217,
                0.433003545
            )
        },
        {
            CFrame.new(
                -0.0732421875,
                18.9481449,
                0.0427246094,
                -0.499938965,
                -0.866060615,
                1.18613243e-05,
                -1.18613243e-05,
                2.05039978e-05,
                1,
                -0.866060615,
                0.499938965,
                -2.05039978e-05
            )
        },
        {
            CFrame.new(
                3.5378418,
                0,
                -2.04211426,
                0.500048637,
                -0.749959946,
                0.433025897,
                -3.43620777e-05,
                -0.500048637,
                -0.865997255,
                0.865997255,
                0.433025897,
                -0.250074387
            )
        },
        {
            CFrame.new(
                -0.0734863281,
                0,
                0.0428466797,
                -0.499938965,
                0.866060615,
                1.18613243e-05,
                1.18613243e-05,
                2.05039978e-05,
                -1,
                -0.866060615,
                -0.499938965,
                -2.05039978e-05
            )
        },
        {
            CFrame.new(
                0.08203125,
                0,
                0.0216064453,
                -0.25886941,
                -0.965912342,
                1.719594e-05,
                1.719594e-05,
                -2.24113464e-05,
                -1,
                0.965912342,
                -0.25886941,
                2.24113464e-05
            )
        },
        {
            CFrame.new(
                9.22363281,
                5.4642334,
                2.47106934,
                -0.258815885,
                -0.482913196,
                0.836546302,
                -1.33365393e-05,
                -0.866054058,
                -0.499951124,
                0.965927005,
                -0.129406318,
                0.224141598
            )
        },
        {
            CFrame.new(
                0.0815429688,
                18.9481449,
                0.0218505859,
                -0.25886941,
                0.965912342,
                1.719594e-05,
                -1.719594e-05,
                -2.24113464e-05,
                1,
                0.965912342,
                0.25886941,
                2.24113464e-05
            )
        },
        {
            CFrame.new(
                3.94506836,
                18.9481449,
                1.05651855,
                -0.258811951,
                0.836520255,
                0.482960045,
                4.39882278e-05,
                -0.499985933,
                0.866033673,
                0.96592778,
                0.224161029,
                0.129365444
            )
        },
        {
            CFrame.new(
                9.22363281,
                13.4840336,
                2.47106934,
                -0.258815885,
                0.482913196,
                0.836546302,
                1.33365393e-05,
                -0.866054058,
                0.499951124,
                0.965927005,
                0.129406318,
                0.224141598
            )
        },
        {
            CFrame.new(
                -3.94580078,
                18.9481449,
                -1.05749512,
                0.258811831,
                -0.836520255,
                -0.482960045,
                4.39882278e-05,
                -0.499985933,
                0.866033673,
                -0.96592778,
                -0.224161029,
                -0.129365563
            )
        },
        {
            CFrame.new(
                3.94506836,
                0,
                1.05700684,
                -0.258811951,
                -0.836520255,
                0.482960045,
                -4.39882278e-05,
                -0.499985933,
                -0.866033673,
                0.96592778,
                -0.224161029,
                0.129365444
            )
        },
        {
            CFrame.new(
                -9.22436523,
                5.4642334,
                -2.47180176,
                0.258815587,
                0.482913077,
                -0.836546123,
                -1.33365393e-05,
                -0.866053581,
                -0.499951005,
                -0.965926707,
                0.129406273,
                -0.224141717
            )
        },
        {
            CFrame.new(
                -9.22436523,
                9.4642334,
                -2.47180176,
                0.258864343,
                0,
                -0.965913713,
                0,
                -1,
                -0,
                -0.965913713,
                0,
                -0.258864403
            )
        },
        {
            CFrame.new(
                -9.22436523,
                13.4840336,
                -2.47180176,
                0.258815587,
                -0.482913077,
                -0.836546123,
                1.33365393e-05,
                -0.866053581,
                0.499951005,
                -0.965926707,
                -0.129406273,
                -0.224141717
            )
        },
        {
            CFrame.new(
                9.22363281,
                9.4642334,
                2.47106934,
                -0.258864403,
                0,
                0.965913713,
                0,
                -1,
                0,
                0.965913713,
                0,
                0.258864343
            )
        },
        {
            CFrame.new(
                -3.94580078,
                0,
                -1.05749512,
                0.258811831,
                0.836520255,
                -0.482960045,
                -4.39882278e-05,
                -0.499985933,
                -0.866033673,
                -0.96592778,
                0.224161029,
                -0.129365563
            )
        },
        {
            CFrame.new(
                -4.0847168,
                18.9481449,
                0.000244140625,
                2.05039978e-05,
                -0.866060615,
                -0.499938965,
                -1.18613243e-05,
                -0.499938965,
                0.866060615,
                -1,
                -1.18613243e-05,
                -2.05039978e-05
            )
        },
        {CFrame.new(-0.0849609375, 0, 0.000244140625, 0, 1, 0, 0, 0, -1, -1, 0, 0)},
        {CFrame.new(-0.0847167969, 18.9481449, 0.000244140625, 0, -1, 0, 0, 0, 1, -1, 0, 0)},
        {
            CFrame.new(
                9.54907227,
                5.4642334,
                0.000244140625,
                2.06232071e-05,
                -0.499974549,
                0.866040051,
                -5.5283308e-06,
                -0.866039991,
                -0.499974549,
                0.99999994,
                5.5283308e-06,
                -2.06232071e-05
            )
        },
        {CFrame.new(-9.54907227, 9.4642334, 0.000244140625, 0, 0, -1, 0, -1, -0, -1, 0, -0)},
        {
            CFrame.new(
                -9.54907227,
                13.4840336,
                0.000244140625,
                2.06232071e-05,
                -0.499974549,
                -0.866040051,
                -5.5283308e-06,
                -0.866039991,
                0.499974549,
                -0.99999994,
                -5.5283308e-06,
                -2.06232071e-05
            )
        },
        {
            CFrame.new(
                -9.54907227,
                5.4642334,
                0.000244140625,
                2.06232071e-05,
                0.499974549,
                -0.866040051,
                5.5283308e-06,
                -0.866039991,
                -0.499974549,
                -0.99999994,
                5.5283308e-06,
                -2.06232071e-05
            )
        },
        {
            CFrame.new(
                4.08496094,
                0,
                0.000244140625,
                2.05039978e-05,
                -0.866060615,
                0.499938965,
                -1.18613243e-05,
                -0.499938965,
                -0.866060615,
                1,
                1.18613243e-05,
                -2.05039978e-05
            )
        },
        {
            CFrame.new(
                -4.08496094,
                0,
                0.000244140625,
                2.05039978e-05,
                0.866060615,
                -0.499938965,
                1.18613243e-05,
                -0.499938965,
                -0.866060615,
                -1,
                1.18613243e-05,
                -2.05039978e-05
            )
        },
        {
            CFrame.new(
                4.0847168,
                18.9481449,
                0.000244140625,
                2.05039978e-05,
                0.866060615,
                0.499938965,
