{
    ["MapSpecific"] = "Amend",
    ["CenterPos"] = Vector3.new(3453.004638671875, 8.291999816894531, -3624.00390625),
    {
        ["Item"] = "LargeCrateOpen",
        ["Amount"] = 1,
        ["Whole"] = true,
        {
            CFrame.new(
                -0.381591797,
                5.84047222,
                -0.373046875,
                -0.707134247,
                0,
                -0.707079291,
                0,
                1,
                0,
                0.707079291,
                0,
                -0.707134247
            ),
            {
                "Storage",
                {
                    "MRE",
                    "MRE",
                    "MRE",
                    "MRE",
                    "MRE",
                    "MRE",
                    "MRE",
                    "MRE",
                    "MRE",
                    "MRE",
                    "MRE",
                    "MRE",
                    "MRE",
                    "MRE",
                    "MRE",
                    "WaterBottle",
                    "WaterBottle",
                    "WaterBottle",
                    "WaterBottle",
                    "WaterBottle",
                    "WaterBottle",
                    "WaterBottle",
                    "WaterBottle",
                    "WaterBottle",
                    "WaterBottle",
                    "WaterBottle",
                    "WaterBottle",
                    "WaterBottle",
                    "WaterBottle",
                    "WaterBottle"
                }
            }
        }
    },
    {
        ["Item"] = "Planks",
        ["Amount"] = 6,
        ["Whole"] = false,
        {CFrame.new(3.53125, 4, -7.77392578, -0.707134247, 0, -0.707079291, 0, 1, 0, 0.707079291, 0, -0.707134247)},
        {CFrame.new(-1.94848633, 4, -7.2434082, -0.707134247, 0, -0.707079291, 0, 1, 0, 0.707079291, 0, -0.707134247)},
        {CFrame.new(0.172607422, 4, -7.24389648, -0.707134247, 0, -0.707079291, 0, 1, 0, 0.707079291, 0, -0.707134247)},
        {CFrame.new(-6.36767578, 4, -7.4206543, -0.707134247, 0, -0.707079291, 0, 1, 0, 0.707079291, 0, -0.707134247)},
        {CFrame.new(-7.76513672, 4, -5.45898438, 0.707068086, -0, -0.707145572, 0, 1, -0, 0.707145572, 0, 0.707068086)},
        {CFrame.new(-7.78295898, 4, 3.5390625, -0.707134247, 0, -0.707079291, 0, 1, 0, 0.707079291, 0, -0.707134247)},
        {CFrame.new(-3.53979492, 4, -3.53173828, -0.707134247, 0, -0.707079291, 0, 1, 0, 0.707079291, 0, -0.707134247)},
        {CFrame.new(1.66748047, 4, -10.310791, 1, 0, 0, 0, 1, 0, 0, 0, 1)},
        {CFrame.new(-10.3081055, 4, 1.66381836, 0, 0, -1, 0, 1, 0, 1, 0, 0)},
        {CFrame.new(-7.42895508, 4, 0.357177734, -0.707134247, 0, -0.707079291, 0, 1, 0, 0.707079291, 0, -0.707134247)},
        {CFrame.new(-3.36254883, 4, -7.59716797, -0.707134247, 0, -0.707079291, 0, 1, 0, 0.707079291, 0, -0.707134247)},
        {CFrame.new(-7.4284668, 4, -5.29956055, -0.707134247, 0, -0.707079291, 0, 1, 0, 0.707079291, 0, -0.707134247)},
        {CFrame.new(-6.35083008, 4, -6.87304688, 0.707068086, -0, -0.707145572, 0, 1, -0, 0.707145572, 0, 0.707068086)},
        {CFrame.new(-2.12573242, 4, -2.11743164, -0.707134247, 0, -0.707079291, 0, 1, 0, 0.707079291, 0, -0.707134247)},
        {CFrame.new(-5.46679688, 4, -7.75683594, 0.707068086, -0, -0.707145572, 0, 1, -0, 0.707145572, 0, 0.707068086)},
        {CFrame.new(-3.58251953, 4, -10.3110352, 1, 0, 0, 0, 1, 0, 0, 0, 1)},
        {CFrame.new(-10.3078613, 4, -3.58618164, 0, 0, -1, 0, 1, 0, 1, 0, 0)},
        {CFrame.new(-7.25195312, 4, -2.64794922, -0.707134247, 0, -0.707079291, 0, 1, 0, 0.707079291, 0, -0.707134247)},
        {CFrame.new(7.32373047, 4, -4.3515625, -0.707068563, 0, 0.707145572, 0, 1, 0, -0.707145572, 0, -0.707068563)},
        {CFrame.new(3.36254883, 4, 7.59741211, 0.707134247, 0, 0.707079291, 0, 1, 0, -0.707079291, 0, 0.707134247)},
        {CFrame.new(-1.66748047, 4, 10.3110352, -1, 0, 0, 0, 1, 0, 0, 0, -1)},
        {CFrame.new(6.72216797, 4, -2.47827148, 0.707134247, 0, 0.707079291, 0, 1, 0, -0.707079291, 0, 0.707134247)},
        {CFrame.new(7.4284668, 4, 5.29980469, 0.707134247, 0, 0.707079291, 0, 1, 0, -0.707079291, 0, 0.707134247)},
        {CFrame.new(-3.53125, 4, 7.77416992, 0.707134247, 0, 0.707079291, 0, 1, 0, -0.707079291, 0, 0.707134247)},
        {CFrame.new(10.3081055, 4, -1.66357422, 0, 0, 1, 0, 1, -0, -1, 0, 0)},
        {CFrame.new(7.76513672, 4, 5.45922852, -0.707068563, 0, 0.707145572, 0, 1, 0, -0.707145572, 0, -0.707068563)},
        {CFrame.new(4.671875, 4, -0.286132812, -0.707068563, 0, 0.707145572, 0, 1, 0, -0.707145572, 0, -0.707068563)},
        {CFrame.new(-2.39941406, 4, 5.37060547, -0.707068563, 0, 0.707145572, 0, 1, 0, -0.707145572, 0, -0.707068563)},
        {CFrame.new(7.25195312, 4, 2.64819336, 0.707134247, 0, 0.707079291, 0, 1, 0, -0.707079291, 0, 0.707134247)},
        {CFrame.new(5.46679688, 4, 7.75708008, -0.707068563, 0, 0.707145572, 0, 1, 0, -0.707145572, 0, -0.707068563)},
        {CFrame.new(1.94848633, 4, 7.24365234, 0.707134247, 0, 0.707079291, 0, 1, 0, -0.707079291, 0, 0.707134247)},
        {CFrame.new(-4.52075195, 4, 7.49169922, -0.707068563, 0, 0.707145572, 0, 1, 0, -0.707145572, 0, -0.707068563)},
        {CFrame.new(3.58251953, 4, 10.3112793, -1, 0, 0, 0, 1, 0, 0, 0, -1)},
        {CFrame.new(6.08618164, 4, -1.70019531, -0.707068563, 0, 0.707145572, 0, 1, 0, -0.707145572, 0, -0.707068563)},
        {CFrame.new(7.78295898, 4, -3.53881836, 0.707134247, 0, 0.707079291, 0, 1, 0, -0.707079291, 0, 0.707134247)},
        {CFrame.new(7.50048828, 4, -3.11425781, -0.707068563, 0, 0.707145572, 0, 1, 0, -0.707145572, 0, -0.707068563)},
        {CFrame.new(-0.985107422, 4, 3.95654297, -0.707068563, 0, 0.707145572, 0, 1, 0, -0.707145572, 0, -0.707068563)},
        {CFrame.new(10.3078613, 4, 3.58642578, 0, 0, 1, 0, 1, -0, -1, 0, 0)},
        {CFrame.new(-3.8137207, 4, 6.78466797, -0.707068563, 0, 0.707145572, 0, 1, 0, -0.707145572, 0, -0.707068563)},
        {CFrame.new(6.35083008, 4, 6.87329102, -0.707068563, 0, 0.707145572, 0, 1, 0, -0.707145572, 0, -0.707068563)},
        {CFrame.new(-2.47045898, 4, 6.71386719, 0.707134247, 0, 0.707079291, 0, 1, 0, -0.707079291, 0, 0.707134247)},
        {CFrame.new(6.36767578, 4, 7.42089844, 0.707134247, 0, 0.707079291, 0, 1, 0, -0.707079291, 0, 0.707134247)},
        {CFrame.new(4.77807617, 4, -6.54443359, 0.707134247, 0, 0.707079291, 0, 1, 0, -0.707079291, 0, 0.707134247)},
        {CFrame.new(-6.18261719, 4, 5.12231445, 0.707134247, 0, 0.707079291, 0, 1, 0, -0.707079291, 0, 0.707134247)},
        {CFrame.new(3.71728516, 4, -4.77685547, 0.707134247, 0, 0.707079291, 0, 1, 0, -0.707079291, 0, 0.707134247)},
        {CFrame.new(3.36376953, 4, -5.13037109, 0.707134247, 0, 0.707079291, 0, 1, 0, -0.707079291, 0, 0.707134247)},
        {CFrame.new(5.1315918, 4, -6.19091797, 0.707134247, 0, 0.707079291, 0, 1, 0, -0.707079291, 0, 0.707134247)},
        {CFrame.new(-6.53613281, 4, 4.76879883, 0.707134247, 0, 0.707079291, 0, 1, 0, -0.707079291, 0, 0.707134247)},
        {CFrame.new(-4.9453125, 4, 6.35986328, 0.707134247, 0, 0.707079291, 0, 1, 0, -0.707079291, 0, 0.707134247)},
        {CFrame.new(4.95458984, 4, -3.53930664, 0.707134247, 0, 0.707079291, 0, 1, 0, -0.707079291, 0, 0.707134247)},
        {CFrame.new(6.36889648, 4, -4.95336914, 0.707134247, 0, 0.707079291, 0, 1, 0, -0.707079291, 0, 0.707134247)},
        {CFrame.new(-5.12182617, 4, 3.35473633, 0.707134247, 0, 0.707079291, 0, 1, 0, -0.707079291, 0, 0.707134247)},
        {CFrame.new(-4.76831055, 4, 3.70825195, 0.707134247, 0, 0.707079291, 0, 1, 0, -0.707079291, 0, 0.707134247)},
        {CFrame.new(-3.53100586, 4, 4.94580078, 0.707134247, 0, 0.707079291, 0, 1, 0, -0.707079291, 0, 0.707134247)}
    },
    {
        ["Item"] = "MetalTruss",
        ["Amount"] = 1,
        ["Whole"] = false,
        {CFrame.new(1.0559082, 0, 1.06445312, -0.707134247, 0, -0.707079291, 0, 1, 0, 0.707079291, 0, -0.707134247)}
    }
}
