{
    ["MapSpecific"] = "Amend",
    ["CenterPos"] = Vector3.new(3453, 7.378000259399414, -3624),
    {
        ["Item"] = "LargeCrateOpen",
        ["Amount"] = 1,
        ["Whole"] = true,
        {
            CFrame.new(
                -0.376953125,
                7.09047222,
                -0.376953125,
                -0.707134247,
                0,
                -0.707079291,
                0,
                1,
                0,
                0.707079291,
                0,
                -0.707134247
            ),
            {
                "Storage",
                {
                    "MRE",
                    "MRE",
                    "MRE",
                    "MRE",
                    "MRE",
                    "MRE",
                    "MRE",
                    "MRE",
                    "MRE",
                    "MRE",
                    "MRE",
                    "MRE",
                    "WaterBottle",
                    "WaterBottle",
                    "WaterBottle",
                    "WaterBottle",
                    "WaterBottle",
                    "WaterBottle",
                    "WaterBottle",
                    "WaterBottle",
                    "WaterBottle",
                    "WaterBottle",
                    "WaterBottle",
                    "WaterBottle"
                }
            }
        }
    },
    {
        ["Item"] = "Planks",
        ["Amount"] = 5,
        ["Whole"] = false,
        {
            CFrame.new(
                6.36376953,
                5.00001144,
                3.53564453,
                0.707134247,
                0,
                0.707079291,
                0,
                1,
                0,
                -0.707079291,
                0,
                0.707134247
            )
        },
        {
            CFrame.new(
                7.77807617,
                5.00001144,
                4.94995117,
                0.707134247,
                0,
                0.707079291,
                0,
                1,
                0,
                -0.707079291,
                0,
                0.707134247
            )
        },
        {
            CFrame.new(
                0.706787109,
                5.00001144,
                9.19238281,
                0.707134247,
                0,
                0.707079291,
                0,
                1,
                0,
                -0.707079291,
                0,
                0.707134247
            )
        },
        {
            CFrame.new(
                8.13183594,
                5.00001144,
                -1.06054688,
                0.707134247,
                0,
                0.707079291,
                0,
                1,
                0,
                -0.707079291,
                0,
                0.707134247
            )
        },
        {
            CFrame.new(
                -0.707275391,
                5.00001144,
                7.77807617,
                0.707134247,
                0,
                0.707079291,
                0,
                1,
                0,
                -0.707079291,
                0,
                0.707134247
            )
        },
        {
            CFrame.new(
                6.01025391,
                5.00001144,
                9.54614258,
                0.707134247,
                0,
                0.707079291,
                0,
                1,
                0,
                -0.707079291,
                0,
                0.707134247
            )
        },
        {
            CFrame.new(
                -2.12133789,
                5.00001144,
                6.36401367,
                0.707134247,
                0,
                0.707079291,
                0,
                1,
                0,
                -0.707079291,
                0,
                0.707134247
            )
        },
        {
            CFrame.new(
                -4.24291992,
                5.00001144,
                8.48510742,
                0.707134247,
                0,
                0.707079291,
                0,
                1,
                0,
                -0.707079291,
                0,
                0.707134247
            )
        },
        {
            CFrame.new(
                9.8996582,
                5.00001144,
                0.00048828125,
                0.707134247,
                0,
                0.707079291,
                0,
                1,
                0,
                -0.707079291,
                0,
                0.707134247
            )
        },
        {
            CFrame.new(
                9.54589844,
                5.00001144,
                6.01074219,
                0.707134247,
                0,
                0.707079291,
                0,
                1,
                0,
                -0.707079291,
                0,
                0.707134247
            )
        },
        {
            CFrame.new(
                -0.00048828125,
                5.00001144,
                9.89941406,
                0.707134247,
                0,
                0.707079291,
                0,
                1,
                0,
                -0.707079291,
                0,
                0.707134247
            )
        },
        {
            CFrame.new(
                9.89941406,
                5.00001144,
                2.82885742,
                0.707134247,
                0,
                0.707079291,
                0,
                1,
                0,
                -0.707079291,
                0,
                0.707134247
            )
        },
        {
            CFrame.new(
                6.7175293,
                5.00001144,
                -2.47485352,
                0.707134247,
                0,
                0.707079291,
                0,
                1,
                0,
                -0.707079291,
                0,
                0.707134247
            )
        },
        {
            CFrame.new(
                -2.12158203,
                5.00001144,
                9.19213867,
                0.707134247,
                0,
                0.707079291,
                0,
                1,
                0,
                -0.707079291,
                0,
                0.707134247
            )
        },
        {
            CFrame.new(
                9.19262695,
                5.00001144,
                -2.12084961,
                0.707134247,
                0,
                0.707079291,
                0,
                1,
                0,
                -0.707079291,
                0,
                0.707134247
            )
        },
        {
            CFrame.new(
                2.828125,
                5.00001144,
                9.8996582,
                0.707134247,
                0,
                0.707079291,
                0,
                1,
                0,
                -0.707079291,
                0,
                0.707134247
            )
        },
        {
            CFrame.new(
                8.48535156,
                5.00001144,
                -4.24243164,
                0.707134247,
                0,
                0.707079291,
                0,
                1,
                0,
                -0.707079291,
                0,
                0.707134247
            )
        },
        {CFrame.new(3.53540039, 5, -4.94946289, 0.707134247, 0, 0.707079291, 0, 1, 0, -0.707079291, 0, 0.707134247)},
        {CFrame.new(7.42431641, 5, -6.01000977, 0.707134247, 0, 0.707079291, 0, 1, 0, -0.707079291, 0, 0.707134247)},
        {CFrame.new(-3.53613281, 5, 4.94970703, 0.707134247, 0, 0.707079291, 0, 1, 0, -0.707079291, 0, 0.707134247)},
        {CFrame.new(6.01025391, 5, -7.42431641, 0.707134247, 0, 0.707079291, 0, 1, 0, -0.707079291, 0, 0.707134247)},
        {CFrame.new(-4.95019531, 5, 3.53540039, 0.707134247, 0, 0.707079291, 0, 1, 0, -0.707079291, 0, 0.707134247)},
        {CFrame.new(-7.42504883, 5, 6.01025391, 0.707134247, 0, 0.707079291, 0, 1, 0, -0.707079291, 0, 0.707134247)},
        {CFrame.new(-6.01098633, 5, 7.42456055, 0.707134247, 0, 0.707079291, 0, 1, 0, -0.707079291, 0, 0.707134247)},
        {CFrame.new(4.94946289, 5, -3.53515625, 0.707134247, 0, 0.707079291, 0, 1, 0, -0.707079291, 0, 0.707134247)},
        {CFrame.new(-9.54589844, 5, -6.01074219, -0.707134247, 0, -0.707079291, 0, 1, 0, 0.707079291, 0, -0.707134247)},
        {
            CFrame.new(
                0.00048828125,
                5,
                -9.89941406,
                -0.707134247,
                0,
                -0.707079291,
                0,
                1,
                0,
                0.707079291,
                0,
                -0.707134247
            )
        },
        {CFrame.new(2.12158203, 5, -9.19213867, -0.707134247, 0, -0.707079291, 0, 1, 0, 0.707079291, 0, -0.707134247)},
        {CFrame.new(-9.8996582, 5, -2.82861328, -0.707134247, 0, -0.707079291, 0, 1, 0, 0.707079291, 0, -0.707134247)},
        {
            CFrame.new(
                -9.8996582,
                5,
                -0.000244140625,
                -0.707134247,
                0,
                -0.707079291,
                0,
                1,
                0,
                0.707079291,
                0,
                -0.707134247
            )
        },
        {CFrame.new(0.707275391, 5, -7.77807617, -0.707134247, 0, -0.707079291, 0, 1, 0, 0.707079291, 0, -0.707134247)},
        {CFrame.new(-8.4855957, 5, 4.24243164, -0.707134247, 0, -0.707079291, 0, 1, 0, 0.707079291, 0, -0.707134247)},
        {CFrame.new(-6.01000977, 5, -9.54614258, -0.707134247, 0, -0.707079291, 0, 1, 0, 0.707079291, 0, -0.707134247)},
        {CFrame.new(-3.53564453, 5, -0.70703125, -0.707134247, 0, -0.707079291, 0, 1, 0, 0.707079291, 0, -0.707134247)},
        {CFrame.new(4.24291992, 5, -8.48486328, -0.707134247, 0, -0.707079291, 0, 1, 0, 0.707079291, 0, -0.707134247)},
        {CFrame.new(-0.706787109, 5, -9.19238281, -0.707134247, 0, -0.707079291, 0, 1, 0, 0.707079291, 0, -0.707134247)},
        {CFrame.new(-7.77807617, 5, -4.94995117, -0.707134247, 0, -0.707079291, 0, 1, 0, 0.707079291, 0, -0.707134247)},
        {CFrame.new(-9.19262695, 5, 2.12109375, -0.707134247, 0, -0.707079291, 0, 1, 0, 0.707079291, 0, -0.707134247)},
        {CFrame.new(-2.828125, 5, -9.8996582, -0.707134247, 0, -0.707079291, 0, 1, 0, 0.707079291, 0, -0.707134247)},
        {CFrame.new(-6.36376953, 5, -3.53564453, -0.707134247, 0, -0.707079291, 0, 1, 0, 0.707079291, 0, -0.707134247)},
        {CFrame.new(-4.94970703, 5, -2.12133789, -0.707134247, 0, -0.707079291, 0, 1, 0, 0.707079291, 0, -0.707134247)},
        {CFrame.new(2.12133789, 5, -6.36376953, -0.707134247, 0, -0.707079291, 0, 1, 0, 0.707079291, 0, -0.707134247)}
    },
    {
        ["Item"] = "MetalTruss",
        ["Amount"] = 1,
        ["Whole"] = false,
        {CFrame.new(1.41430664, 0, 2.82836914, -0.707134247, 0, -0.707079291, 0, 1, 0, 0.707079291, 0, -0.707134247)}
    }
}
