{["MapSpecific"] = "Reimagined",
["CenterPos"] = Vector3.new(1097.8719482421875, 56.75001525878906, 1168.8262939453125),
{["Item"] = "LargeCrateOpen", ["Amount"] = 6, ["Whole"] = true, {CFrame.new(-29.4494629, 9.63829041, -24.1401367, 0.258864343, -0, -0.965913713, 0, 1, -0, 0.965913713, 0, 0.258864343), {"Storage", {"HK21", "M14Ammo50", "M14Ammo50", "M14Ammo50", "M14Ammo50", "M14Ammo50", "M14Ammo50", "M14Ammo50", "M14Ammo50", "M14Ammo50", "M14Ammo50", "ACOG", "Grip", "Suppressor762", "MilitaryPackBlack", "BloodBag", "BloodBag", "BloodBag", "BloodBag", "BloodBag", "BloodBag", "BloodBag", "BloodBag", "BloodBag", "BloodBag", }}}, {CFrame.new(-24.2730713, 9.63829041, -4.82177734, 0.258864343, -0, -0.965913713, 0, 1, -0, 0.965913713, 0, 0.258864343)}, {CFrame.new(-27.3789062, 9.63829041, -16.4128418, 0.258864343, -0, -0.965913713, 0, 1, -0, 0.965913713, 0, 0.258864343)}, {CFrame.new(-26.3436279, 9.63829041, -12.5490723, 0.258864343, -0, -0.965913713, 0, 1, -0, 0.965913713, 0, 0.258864343)}, {CFrame.new(-28.4141846, 9.63829041, -20.2764893, 0.258864343, -0, -0.965913713, 0, 1, -0, 0.965913713, 0, 0.258864343), {"Storage", {"HK21", "M14Ammo50", "M14Ammo50", "M14Ammo50", "M14Ammo50", "M14Ammo50", "M14Ammo50", "M14Ammo50", "M14Ammo50", "M14Ammo50", "M14Ammo50", "ACOG", "Grip", "Suppressor762", "MilitaryPackBlack", "BloodBag", "BloodBag", "BloodBag", "BloodBag", "BloodBag", "BloodBag", "BloodBag", "BloodBag", "BloodBag", "BloodBag", }}}, {CFrame.new(-25.3083496, 9.63829041, -8.6854248, 0.258864343, -0, -0.965913713, 0, 1, -0, 0.965913713, 0, 0.258864343)}}, 
{["Item"] = "Slabs", ["Amount"] = 14, ["Whole"] = false, {CFrame.new(-31.1373291, 20.8399811, 34.7402344, -2.24113464e-05, -0.25886941, 0.965912342, -1, 2.24113464e-05, -1.719594e-05, -1.719594e-05, -0.965912342, -0.25886941)}, {CFrame.new(-18.6431885, 22.8399811, 6.02770996, 1.2755394e-05, 0.965938866, 0.258770198, -0.99999994, 1.2755394e-05, 1.66893005e-06, -1.66893005e-06, -0.258770198, 0.965938926)}, {CFrame.new(-63.0430908, 22.8399811, -8.99169922, -1.26361847e-05, -0.965938866, -0.258770198, -0.99999994, 1.2755394e-05, 1.66893005e-06, 1.66893005e-06, 0.258770198, -0.965938807)}, {CFrame.new(-22.7843018, 22.8399811, -9.42687988, 1.2755394e-05, 0.965938866, 0.258770198, -0.99999994, 1.2755394e-05, 1.66893005e-06, -1.66893005e-06, -0.258770198, 0.965938926)}, {CFrame.new(4.00756836, 22.8399811, 40.3343506, 1.2755394e-05, 0.965938866, 0.258770198, -0.99999994, 1.2755394e-05, 1.66893005e-06, -1.66893005e-06, -0.258770198, 0.965938926)}, {CFrame.new(-21.3209229, 22.8399887, 55.9210205, 2.24113464e-05, 0.25886941, -0.965912342, -1, 2.24113464e-05, -1.719594e-05, 1.719594e-05, 0.965912342, 0.25886941)}, {CFrame.new(-56.8314209, 22.8399811, 14.1903076, -1.26361847e-05, -0.965938866, -0.258770198, -0.99999994, 1.2755394e-05, 1.66893005e-06, 1.66893005e-06, 0.258770198, -0.965938807)}, {CFrame.new(-23.4168701, 20.8399811, 53.8946533, 1.2755394e-05, 0.965938866, 0.258770198, -0.99999994, 1.2755394e-05, 1.66893005e-06, -1.66893005e-06, -0.258770198, 0.965938926)}, {CFrame.new(-55.7961426, 20.8399811, 18.0540771, -1.26361847e-05, -0.965938866, -0.258770198, -0.99999994, 1.2755394e-05, 1.66893005e-06, 1.66893005e-06, 0.258770198, -0.965938807)}, {CFrame.new(-64.8548584, 22.8399811, -15.7531738, -1.26361847e-05, -0.965938866, -0.258770198, -0.99999994, 1.2755394e-05, 1.66893005e-06, 1.66893005e-06, 0.258770198, -0.965938807)}, {CFrame.new(-43.5101318, 22.8399811, -23.0256348, 2.24113464e-05, 0.25886941, -0.965912342, -1, 2.24113464e-05, -1.719594e-05, 1.719594e-05, 0.965912342, 0.25886941)}, {CFrame.new(-9.88720703, 20.8399811, 29.0455322, -2.24113464e-05, -0.25886941, 0.965912342, -1, 2.24113464e-05, -1.719594e-05, -1.719594e-05, -0.965912342, -0.25886941)}, {CFrame.new(-42.7282715, 20.8399811, 37.8460693, -2.24113464e-05, -0.25886941, 0.965912342, -1, 2.24113464e-05, -1.719594e-05, -1.719594e-05, -0.965912342, -0.25886941)}, {CFrame.new(-60.9725342, 20.8399811, -1.2644043, -1.26361847e-05, -0.965938866, -0.258770198, -0.99999994, 1.2755394e-05, 1.66893005e-06, 1.66893005e-06, 0.258770198, -0.965938807)}, {CFrame.new(-64.0783691, 20.8399811, -12.8553467, -1.26361847e-05, -0.965938866, -0.258770198, -0.99999994, 1.2755394e-05, 1.66893005e-06, 1.66893005e-06, 0.258770198, -0.965938807)}, {CFrame.new(-16.5726318, 22.8399811, 13.7550049, 1.2755394e-05, 0.965938866, 0.258770198, -0.99999994, 1.2755394e-05, 1.66893005e-06, -1.66893005e-06, -0.258770198, 0.965938926)}, {CFrame.new(-55.1010742, 22.8399811, -19.9197998, 2.24113464e-05, 0.25886941, -0.965912342, -1, 2.24113464e-05, -1.719594e-05, 1.719594e-05, 0.965912342, 0.25886941)}, {CFrame.new(-25.8901367, 20.8399811, -21.0178223, 1.2755394e-05, 0.965938866, 0.258770198, -0.99999994, 1.2755394e-05, 1.66893005e-06, -1.66893005e-06, -0.258770198, 0.965938926)}, {CFrame.new(-31.9191895, 20.8399811, -26.1314697, 2.24113464e-05, 0.25886941, -0.965912342, -1, 2.24113464e-05, -1.719594e-05, 1.719594e-05, 0.965912342, 0.25886941)}, {CFrame.new(5.81933594, 20.8399811, 47.0958252, 1.2755394e-05, 0.965938866, 0.258770198, -0.99999994, 1.2755394e-05, 1.66893005e-06, -1.66893005e-06, -0.258770198, 0.965938926)}, {CFrame.new(-2.15991211, 22.8399811, 26.9749756, -2.24113464e-05, -0.25886941, 0.965912342, -1, 2.24113464e-05, -1.719594e-05, -1.719594e-05, -0.965912342, -0.25886941)}, {CFrame.new(-21.3209229, 20.8399887, 55.9210205, 2.24113464e-05, 0.25886941, -0.965912342, -1, 2.24113464e-05, -1.719594e-05, 1.719594e-05, 0.965912342, 0.25886941)}, {CFrame.new(-38.864624, 22.8399811, 36.810791, -2.24113464e-05, -0.25886941, 0.965912342, -1, 2.24113464e-05, -1.719594e-05, -1.719594e-05, -0.965912342, -0.25886941)}, {CFrame.new(-15.5252686, 20.8399887, 54.3681641, 2.24113464e-05, 0.25886941, -0.965912342, -1, 2.24113464e-05, -1.719594e-05, 1.719594e-05, 0.965912342, 0.25886941)}, {CFrame.new(-13.4667969, 20.8399811, 25.3459473, 1.2755394e-05, 0.965938866, 0.258770198, -0.99999994, 1.2755394e-05, 1.66893005e-06, -1.66893005e-06, -0.258770198, 0.965938926)}, {CFrame.new(-26.925415, 22.8399811, -24.8814697, 1.2755394e-05, 0.965938866, 0.258770198, -0.99999994, 1.2755394e-05, 1.66893005e-06, -1.66893005e-06, -0.258770198, 0.965938926)}, {CFrame.new(-18.6431885, 20.8399811, 6.02770996, 1.2755394e-05, 0.965938866, 0.258770198, -0.99999994, 1.2755394e-05, 1.66893005e-06, -1.66893005e-06, -0.258770198, 0.965938926)}, {CFrame.new(-52.6903076, 20.8399811, 29.6451416, -1.26361847e-05, -0.965938866, -0.258770198, -0.99999994, 1.2755394e-05, 1.66893005e-06, 1.66893005e-06, 0.258770198, -0.965938807)}, {CFrame.new(-2.15991211, 20.8399811, 26.9749756, -2.24113464e-05, -0.25886941, 0.965912342, -1, 2.24113464e-05, -1.719594e-05, -1.719594e-05, -0.965912342, -0.25886941)}, {CFrame.new(-43.5101318, 20.8399811, -23.0256348, 2.24113464e-05, 0.25886941, -0.965912342, -1, 2.24113464e-05, -1.719594e-05, 1.719594e-05, 0.965912342, 0.25886941)}, {CFrame.new(-51.2374268, 22.8399811, -20.9550781, 2.24113464e-05, 0.25886941, -0.965912342, -1, 2.24113464e-05, -1.719594e-05, 1.719594e-05, 0.965912342, 0.25886941)}, {CFrame.new(-23.8195801, 22.8399811, -13.2905273, 1.2755394e-05, 0.965938866, 0.258770198, -0.99999994, 1.2755394e-05, 1.66893005e-06, -1.66893005e-06, -0.258770198, 0.965938926)}, {CFrame.new(-16.5726318, 20.8399811, 13.7550049, 1.2755394e-05, 0.965938866, 0.258770198, -0.99999994, 1.2755394e-05, 1.66893005e-06, -1.66893005e-06, -0.258770198, 0.965938926)}, {CFrame.new(3.79296875, 20.8399887, 49.1917725, 2.24113464e-05, 0.25886941, -0.965912342, -1, 2.24113464e-05, -1.719594e-05, 1.719594e-05, 0.965912342, 0.25886941)}, {CFrame.new(-31.9191895, 22.8399811, -26.1314697, 2.24113464e-05, 0.25886941, -0.965912342, -1, 2.24113464e-05, -1.719594e-05, 1.719594e-05, 0.965912342, 0.25886941)}, {CFrame.new(-51.2374268, 20.8399811, -20.9550781, 2.24113464e-05, 0.25886941, -0.965912342, -1, 2.24113464e-05, -1.719594e-05, 1.719594e-05, 0.965912342, 0.25886941)}, {CFrame.new(-64.8548584, 20.8399811, -15.7531738, -1.26361847e-05, -0.965938866, -0.258770198, -0.99999994, 1.2755394e-05, 1.66893005e-06, 1.66893005e-06, 0.258770198, -0.965938807)}, {CFrame.new(0.642944336, 20.8399811, 27.7773438, 1.2755394e-05, 0.965938866, 0.258770198, -0.99999994, 1.2755394e-05, 1.66893005e-06, -1.66893005e-06, -0.258770198, 0.965938926)}, {CFrame.new(-57.8666992, 22.8399811, 10.3266602, -1.26361847e-05, -0.965938866, -0.258770198, -0.99999994, 1.2755394e-05, 1.66893005e-06, 1.66893005e-06, 0.258770198, -0.965938807)}, {CFrame.new(-25.8901367, 22.8399811, -21.0178223, 1.2755394e-05, 0.965938866, 0.258770198, -0.99999994, 1.2755394e-05, 1.66893005e-06, -1.66893005e-06, -0.258770198, 0.965938926)}, {CFrame.new(-25.4874268, 22.8399811, 46.1673584, 1.2755394e-05, 0.965938866, 0.258770198, -0.99999994, 1.2755394e-05, 1.66893005e-06, -1.66893005e-06, -0.258770198, 0.965938926)}, {CFrame.new(-46.5919189, 20.8399811, 38.8813477, -2.24113464e-05, -0.25886941, 0.965912342, -1, 2.24113464e-05, -1.719594e-05, -1.719594e-05, -0.965912342, -0.25886941)}, {CFrame.new(-52.6903076, 22.8399811, 29.6451416, -1.26361847e-05, -0.965938866, -0.258770198, -0.99999994, 1.2755394e-05, 1.66893005e-06, 1.66893005e-06, 0.258770198, -0.965938807)}, {CFrame.new(-15.5373535, 20.8399811, 17.6186523, 1.2755394e-05, 0.965938866, 0.258770198, -0.99999994, 1.2755394e-05, 1.66893005e-06, -1.66893005e-06, -0.258770198, 0.965938926)}, {CFrame.new(-35.0009766, 22.8399811, 35.7755127, -2.24113464e-05, -0.25886941, 0.965912342, -1, 2.24113464e-05, -1.719594e-05, -1.719594e-05, -0.965912342, -0.25886941)}, {CFrame.new(-23.4168701, 22.8399811, 53.8946533, 1.2755394e-05, 0.965938866, 0.258770198, -0.99999994, 1.2755394e-05, 1.66893005e-06, -1.66893005e-06, -0.258770198, 0.965938926)}, {CFrame.new(-48.5238037, 22.8399811, 39.3989258, -2.24113464e-05, -0.25886941, 0.965912342, -1, 2.24113464e-05, -1.719594e-05, -1.719594e-05, -0.965912342, -0.25886941)}, {CFrame.new(-63.0430908, 20.8399811, -8.99169922, -1.26361847e-05, -0.965938866, -0.258770198, -0.99999994, 1.2755394e-05, 1.66893005e-06, 1.66893005e-06, 0.258770198, -0.965938807)}, {CFrame.new(-54.7608643, 20.8399811, 21.9177246, -1.26361847e-05, -0.965938866, -0.258770198, -0.99999994, 1.2755394e-05, 1.66893005e-06, 1.66893005e-06, 0.258770198, -0.965938807)}, {CFrame.new(-47.3737793, 22.8399811, -21.9903564, 2.24113464e-05, 0.25886941, -0.965912342, -1, 2.24113464e-05, -1.719594e-05, 1.719594e-05, 0.965912342, 0.25886941)}, {CFrame.new(-20.7137451, 22.8399811, -1.69958496, 1.2755394e-05, 0.965938866, 0.258770198, -0.99999994, 1.2755394e-05, 1.66893005e-06, -1.66893005e-06, -0.258770198, 0.965938926)}, {CFrame.new(1.67822266, 20.8399811, 31.6409912, 1.2755394e-05, 0.965938866, 0.258770198, -0.99999994, 1.2755394e-05, 1.66893005e-06, -1.66893005e-06, -0.258770198, 0.965938926)}, {CFrame.new(-0.0706787109, 22.8399887, 50.2270508, 2.24113464e-05, 0.25886941, -0.965912342, -1, 2.24113464e-05, -1.719594e-05, 1.719594e-05, 0.965912342, 0.25886941)}, {CFrame.new(-13.4667969, 22.8399811, 25.3459473, 1.2755394e-05, 0.965938866, 0.258770198, -0.99999994, 1.2755394e-05, 1.66893005e-06, -1.66893005e-06, -0.258770198, 0.965938926)}, {CFrame.new(-22.7843018, 20.8399811, -9.42687988, 1.2755394e-05, 0.965938866, 0.258770198, -0.99999994, 1.2755394e-05, 1.66893005e-06, -1.66893005e-06, -0.258770198, 0.965938926)}, {CFrame.new(-48.5238037, 20.8399811, 39.3989258, -2.24113464e-05, -0.25886941, 0.965912342, -1, 2.24113464e-05, -1.719594e-05, -1.719594e-05, -0.965912342, -0.25886941)}, {CFrame.new(-7.79797363, 20.8399887, 52.2976074, 2.24113464e-05, 0.25886941, -0.965912342, -1, 2.24113464e-05, -1.719594e-05, 1.719594e-05, 0.965912342, 0.25886941)}, {CFrame.new(-7.79797363, 22.8399887, 52.2976074, 2.24113464e-05, 0.25886941, -0.965912342, -1, 2.24113464e-05, -1.719594e-05, 1.719594e-05, 0.965912342, 0.25886941)}, {CFrame.new(-21.7490234, 20.8399811, -5.56323242, 1.2755394e-05, 0.965938866, 0.258770198, -0.99999994, 1.2755394e-05, 1.66893005e-06, -1.66893005e-06, -0.258770198, 0.965938926)}, {CFrame.new(-56.8314209, 20.8399811, 14.1903076, -1.26361847e-05, -0.965938866, -0.258770198, -0.99999994, 1.2755394e-05, 1.66893005e-06, 1.66893005e-06, 0.258770198, -0.965938807)}, {CFrame.new(-11.6616211, 20.8399887, 53.3328857, 2.24113464e-05, 0.25886941, -0.965912342, -1, 2.24113464e-05, -1.719594e-05, 1.719594e-05, 0.965912342, 0.25886941)}, {CFrame.new(-31.1373291, 22.8399811, 34.7402344, -2.24113464e-05, -0.25886941, 0.965912342, -1, 2.24113464e-05, -1.719594e-05, -1.719594e-05, -0.965912342, -0.25886941)}, {CFrame.new(-24.8548584, 22.8399811, -17.1541748, 1.2755394e-05, 0.965938866, 0.258770198, -0.99999994, 1.2755394e-05, 1.66893005e-06, -1.66893005e-06, -0.258770198, 0.965938926)}, {CFrame.new(-35.0009766, 20.8399811, 35.7755127, -2.24113464e-05, -0.25886941, 0.965912342, -1, 2.24113464e-05, -1.719594e-05, -1.719594e-05, -0.965912342, -0.25886941)}, {CFrame.new(-17.6079102, 20.8399811, 9.89135742, 1.2755394e-05, 0.965938866, 0.258770198, -0.99999994, 1.2755394e-05, 1.66893005e-06, -1.66893005e-06, -0.258770198, 0.965938926)}, {CFrame.new(-62.0078125, 20.8399811, -5.12805176, -1.26361847e-05, -0.965938866, -0.258770198, -0.99999994, 1.2755394e-05, 1.66893005e-06, 1.66893005e-06, 0.258770198, -0.965938807)}, {CFrame.new(-47.3737793, 20.8399811, -21.9903564, 2.24113464e-05, 0.25886941, -0.965912342, -1, 2.24113464e-05, -1.719594e-05, 1.719594e-05, 0.965912342, 0.25886941)}, {CFrame.new(-27.5579834, 20.8399811, 38.4400635, 1.2755394e-05, 0.965938866, 0.258770198, -0.99999994, 1.2755394e-05, 1.66893005e-06, -1.66893005e-06, -0.258770198, 0.965938926)}, {CFrame.new(-24.8548584, 20.8399811, -17.1541748, 1.2755394e-05, 0.965938866, 0.258770198, -0.99999994, 1.2755394e-05, 1.66893005e-06, -1.66893005e-06, -0.258770198, 0.965938926)}, {CFrame.new(-21.7490234, 22.8399811, -5.56323242, 1.2755394e-05, 0.965938866, 0.258770198, -0.99999994, 1.2755394e-05, 1.66893005e-06, -1.66893005e-06, -0.258770198, 0.965938926)}, {CFrame.new(-59.9372559, 22.8399811, 2.59924316, -1.26361847e-05, -0.965938866, -0.258770198, -0.99999994, 1.2755394e-05, 1.66893005e-06, 1.66893005e-06, 0.258770198, -0.965938807)}, {CFrame.new(-55.1010742, 20.8399811, -19.9197998, 2.24113464e-05, 0.25886941, -0.965912342, -1, 2.24113464e-05, -1.719594e-05, 1.719594e-05, 0.965912342, 0.25886941)}, {CFrame.new(-9.88720703, 22.8399811, 29.0455322, -2.24113464e-05, -0.25886941, 0.965912342, -1, 2.24113464e-05, -1.719594e-05, -1.719594e-05, -0.965912342, -0.25886941)}, {CFrame.new(-19.3890381, 22.8399887, 55.4034424, 2.24113464e-05, 0.25886941, -0.965912342, -1, 2.24113464e-05, -1.719594e-05, 1.719594e-05, 0.965912342, 0.25886941)}, {CFrame.new(-14.5020752, 22.8399811, 21.4822998, 1.2755394e-05, 0.965938866, 0.258770198, -0.99999994, 1.2755394e-05, 1.66893005e-06, -1.66893005e-06, -0.258770198, 0.965938926)}, {CFrame.new(-58.9647217, 22.8399811, -18.8845215, 2.24113464e-05, 0.25886941, -0.965912342, -1, 2.24113464e-05, -1.719594e-05, 1.719594e-05, 0.965912342, 0.25886941)}, {CFrame.new(-38.864624, 20.8399811, 36.810791, -2.24113464e-05, -0.25886941, 0.965912342, -1, 2.24113464e-05, -1.719594e-05, -1.719594e-05, -0.965912342, -0.25886941)}, {CFrame.new(-60.9725342, 22.8399811, -1.2644043, -1.26361847e-05, -0.965938866, -0.258770198, -0.99999994, 1.2755394e-05, 1.66893005e-06, 1.66893005e-06, 0.258770198, -0.965938807)}, {CFrame.new(-0.0706787109, 20.8399887, 50.2270508, 2.24113464e-05, 0.25886941, -0.965912342, -1, 2.24113464e-05, -1.719594e-05, 1.719594e-05, 0.965912342, 0.25886941)}, {CFrame.new(-53.7255859, 22.8399811, 25.7813721, -1.26361847e-05, -0.965938866, -0.258770198, -0.99999994, 1.2755394e-05, 1.66893005e-06, 1.66893005e-06, 0.258770198, -0.965938807)}, {CFrame.new(1.93701172, 20.8399811, 32.6069336, 1.2755394e-05, 0.965938866, 0.258770198, -0.99999994, 1.2755394e-05, 1.66893005e-06, -1.66893005e-06, -0.258770198, 0.965938926)}, {CFrame.new(-29.0213623, 22.8399811, -26.907959, 2.24113464e-05, 0.25886941, -0.965912342, -1, 2.24113464e-05, -1.719594e-05, 1.719594e-05, 0.965912342, 0.25886941)}, {CFrame.new(-17.6079102, 22.8399811, 9.89135742, 1.2755394e-05, 0.965938866, 0.258770198, -0.99999994, 1.2755394e-05, 1.66893005e-06, -1.66893005e-06, -0.258770198, 0.965938926)}, {CFrame.new(-6.02355957, 22.8399811, 28.0102539, -2.24113464e-05, -0.25886941, 0.965912342, -1, 2.24113464e-05, -1.719594e-05, -1.719594e-05, -0.965912342, -0.25886941)}, {CFrame.new(-29.0213623, 20.8399811, -26.907959, 2.24113464e-05, 0.25886941, -0.965912342, -1, 2.24113464e-05, -1.719594e-05, 1.719594e-05, 0.965912342, 0.25886941)}, {CFrame.new(-62.8283691, 22.8399811, -17.8492432, 2.24113464e-05, 0.25886941, -0.965912342, -1, 2.24113464e-05, -1.719594e-05, 1.719594e-05, 0.965912342, 0.25886941)}, {CFrame.new(-27.5579834, 22.8399811, 38.4400635, 1.2755394e-05, 0.965938866, 0.258770198, -0.99999994, 1.2755394e-05, 1.66893005e-06, -1.66893005e-06, -0.258770198, 0.965938926)}, {CFrame.new(-58.9647217, 20.8399811, -18.8845215, 2.24113464e-05, 0.25886941, -0.965912342, -1, 2.24113464e-05, -1.719594e-05, 1.719594e-05, 0.965912342, 0.25886941)}, {CFrame.new(-58.9019775, 22.8399811, 6.4630127, -1.26361847e-05, -0.965938866, -0.258770198, -0.99999994, 1.2755394e-05, 1.66893005e-06, 1.66893005e-06, 0.258770198, -0.965938807)}, {CFrame.new(-62.8283691, 20.8399811, -17.8492432, 2.24113464e-05, 0.25886941, -0.965912342, -1, 2.24113464e-05, -1.719594e-05, 1.719594e-05, 0.965912342, 0.25886941)}, {CFrame.new(-19.6784668, 22.8399811, 2.1640625, 1.2755394e-05, 0.965938866, 0.258770198, -0.99999994, 1.2755394e-05, 1.66893005e-06, -1.66893005e-06, -0.258770198, 0.965938926)}, {CFrame.new(-57.8666992, 20.8399811, 10.3266602, -1.26361847e-05, -0.965938866, -0.258770198, -0.99999994, 1.2755394e-05, 1.66893005e-06, 1.66893005e-06, 0.258770198, -0.965938807)}, {CFrame.new(-26.5227051, 20.8399811, 42.3037109, 1.2755394e-05, 0.965938866, 0.258770198, -0.99999994, 1.2755394e-05, 1.66893005e-06, -1.66893005e-06, -0.258770198, 0.965938926)}, {CFrame.new(-39.6464844, 20.8399811, -24.0609131, 2.24113464e-05, 0.25886941, -0.965912342, -1, 2.24113464e-05, -1.719594e-05, 1.719594e-05, 0.965912342, 0.25886941)}, {CFrame.new(4.78405762, 22.8399811, 43.2321777, 1.2755394e-05, 0.965938866, 0.258770198, -0.99999994, 1.2755394e-05, 1.66893005e-06, -1.66893005e-06, -0.258770198, 0.965938926)}, {CFrame.new(4.00756836, 20.8399811, 40.3343506, 1.2755394e-05, 0.965938866, 0.258770198, -0.99999994, 1.2755394e-05, 1.66893005e-06, -1.66893005e-06, -0.258770198, 0.965938926)}, {CFrame.new(-64.0783691, 22.8399811, -12.8553467, -1.26361847e-05, -0.965938866, -0.258770198, -0.99999994, 1.2755394e-05, 1.66893005e-06, 1.66893005e-06, 0.258770198, -0.965938807)}, {CFrame.new(1.93701172, 22.8399811, 32.6069336, 1.2755394e-05, 0.965938866, 0.258770198, -0.99999994, 1.2755394e-05, 1.66893005e-06, -1.66893005e-06, -0.258770198, 0.965938926)}, {CFrame.new(-51.6550293, 20.8399811, 33.5087891, -1.26361847e-05, -0.965938866, -0.258770198, -0.99999994, 1.2755394e-05, 1.66893005e-06, 1.66893005e-06, 0.258770198, -0.965938807)}, {CFrame.new(-51.6550293, 22.8399811, 33.5087891, -1.26361847e-05, -0.965938866, -0.258770198, -0.99999994, 1.2755394e-05, 1.66893005e-06, 1.66893005e-06, 0.258770198, -0.965938807)}, {CFrame.new(-15.5252686, 22.8399887, 54.3681641, 2.24113464e-05, 0.25886941, -0.965912342, -1, 2.24113464e-05, -1.719594e-05, 1.719594e-05, 0.965912342, 0.25886941)}, {CFrame.new(-53.7255859, 20.8399811, 25.7813721, -1.26361847e-05, -0.965938866, -0.258770198, -0.99999994, 1.2755394e-05, 1.66893005e-06, 1.66893005e-06, 0.258770198, -0.965938807)}, {CFrame.new(-50.619751, 20.8399811, 37.3724365, -1.26361847e-05, -0.965938866, -0.258770198, -0.99999994, 1.2755394e-05, 1.66893005e-06, 1.66893005e-06, 0.258770198, -0.965938807)}, {CFrame.new(-26.925415, 20.8399811, -24.8814697, 1.2755394e-05, 0.965938866, 0.258770198, -0.99999994, 1.2755394e-05, 1.66893005e-06, -1.66893005e-06, -0.258770198, 0.965938926)}, {CFrame.new(-59.9372559, 20.8399811, 2.59924316, -1.26361847e-05, -0.965938866, -0.258770198, -0.99999994, 1.2755394e-05, 1.66893005e-06, 1.66893005e-06, 0.258770198, -0.965938807)}, {CFrame.new(-14.5020752, 20.8399811, 21.4822998, 1.2755394e-05, 0.965938866, 0.258770198, -0.99999994, 1.2755394e-05, 1.66893005e-06, -1.66893005e-06, -0.258770198, 0.965938926)}, {CFrame.new(-28.3344727, 20.8399811, 35.5422363, 1.2755394e-05, 0.965938866, 0.258770198, -0.99999994, 1.2755394e-05, 1.66893005e-06, -1.66893005e-06, -0.258770198, 0.965938926)}, {CFrame.new(-46.5919189, 22.8399811, 38.8813477, -2.24113464e-05, -0.25886941, 0.965912342, -1, 2.24113464e-05, -1.719594e-05, -1.719594e-05, -0.965912342, -0.25886941)}, {CFrame.new(-35.7828369, 20.8399811, -25.0961914, 2.24113464e-05, 0.25886941, -0.965912342, -1, 2.24113464e-05, -1.719594e-05, 1.719594e-05, 0.965912342, 0.25886941)}, {CFrame.new(-6.02355957, 20.8399811, 28.0102539, -2.24113464e-05, -0.25886941, 0.965912342, -1, 2.24113464e-05, -1.719594e-05, -1.719594e-05, -0.965912342, -0.25886941)}, {CFrame.new(-12.6903076, 22.8399811, 28.2437744, 1.2755394e-05, 0.965938866, 0.258770198, -0.99999994, 1.2755394e-05, 1.66893005e-06, -1.66893005e-06, -0.258770198, 0.965938926)}, {CFrame.new(-35.7828369, 22.8399811, -25.0961914, 2.24113464e-05, 0.25886941, -0.965912342, -1, 2.24113464e-05, -1.719594e-05, 1.719594e-05, 0.965912342, 0.25886941)}, {CFrame.new(-24.4521484, 20.8399811, 50.0310059, 1.2755394e-05, 0.965938866, 0.258770198, -0.99999994, 1.2755394e-05, 1.66893005e-06, -1.66893005e-06, -0.258770198, 0.965938926)}, {CFrame.new(-19.3890381, 20.8399887, 55.4034424, 2.24113464e-05, 0.25886941, -0.965912342, -1, 2.24113464e-05, -1.719594e-05, 1.719594e-05, 0.965912342, 0.25886941)}, {CFrame.new(-24.4521484, 22.8399811, 50.0310059, 1.2755394e-05, 0.965938866, 0.258770198, -0.99999994, 1.2755394e-05, 1.66893005e-06, -1.66893005e-06, -0.258770198, 0.965938926)}, {CFrame.new(-20.7137451, 20.8399811, -1.69958496, 1.2755394e-05, 0.965938866, 0.258770198, -0.99999994, 1.2755394e-05, 1.66893005e-06, -1.66893005e-06, -0.258770198, 0.965938926)}, {CFrame.new(-15.5373535, 22.8399811, 17.6186523, 1.2755394e-05, 0.965938866, 0.258770198, -0.99999994, 1.2755394e-05, 1.66893005e-06, -1.66893005e-06, -0.258770198, 0.965938926)}, {CFrame.new(-39.6464844, 22.8399811, -24.0609131, 2.24113464e-05, 0.25886941, -0.965912342, -1, 2.24113464e-05, -1.719594e-05, 1.719594e-05, 0.965912342, 0.25886941)}, {CFrame.new(3.79296875, 22.8399887, 49.1917725, 2.24113464e-05, 0.25886941, -0.965912342, -1, 2.24113464e-05, -1.719594e-05, 1.719594e-05, 0.965912342, 0.25886941)}, {CFrame.new(-3.93432617, 22.8399887, 51.2623291, 2.24113464e-05, 0.25886941, -0.965912342, -1, 2.24113464e-05, -1.719594e-05, 1.719594e-05, 0.965912342, 0.25886941)}, {CFrame.new(-23.8195801, 20.8399811, -13.2905273, 1.2755394e-05, 0.965938866, 0.258770198, -0.99999994, 1.2755394e-05, 1.66893005e-06, -1.66893005e-06, -0.258770198, 0.965938926)}, {CFrame.new(-12.6903076, 20.8399811, 28.2437744, 1.2755394e-05, 0.965938866, 0.258770198, -0.99999994, 1.2755394e-05, 1.66893005e-06, -1.66893005e-06, -0.258770198, 0.965938926)}, {CFrame.new(-25.4874268, 20.8399811, 46.1673584, 1.2755394e-05, 0.965938866, 0.258770198, -0.99999994, 1.2755394e-05, 1.66893005e-06, -1.66893005e-06, -0.258770198, 0.965938926)}, {CFrame.new(-3.93432617, 20.8399887, 51.2623291, 2.24113464e-05, 0.25886941, -0.965912342, -1, 2.24113464e-05, -1.719594e-05, 1.719594e-05, 0.965912342, 0.25886941)}, {CFrame.new(-42.7282715, 22.8399811, 37.8460693, -2.24113464e-05, -0.25886941, 0.965912342, -1, 2.24113464e-05, -1.719594e-05, -1.719594e-05, -0.965912342, -0.25886941)}, {CFrame.new(4.78405762, 20.8399811, 43.2321777, 1.2755394e-05, 0.965938866, 0.258770198, -0.99999994, 1.2755394e-05, 1.66893005e-06, -1.66893005e-06, -0.258770198, 0.965938926)}, {CFrame.new(-55.7961426, 22.8399811, 18.0540771, -1.26361847e-05, -0.965938866, -0.258770198, -0.99999994, 1.2755394e-05, 1.66893005e-06, 1.66893005e-06, 0.258770198, -0.965938807)}, {CFrame.new(-28.3344727, 22.8399811, 35.5422363, 1.2755394e-05, 0.965938866, 0.258770198, -0.99999994, 1.2755394e-05, 1.66893005e-06, -1.66893005e-06, -0.258770198, 0.965938926)}, {CFrame.new(5.81933594, 22.8399811, 47.0958252, 1.2755394e-05, 0.965938866, 0.258770198, -0.99999994, 1.2755394e-05, 1.66893005e-06, -1.66893005e-06, -0.258770198, 0.965938926)}, {CFrame.new(0.642944336, 22.8399811, 27.7773438, 1.2755394e-05, 0.965938866, 0.258770198, -0.99999994, 1.2755394e-05, 1.66893005e-06, -1.66893005e-06, -0.258770198, 0.965938926)}, {CFrame.new(-11.6616211, 22.8399887, 53.3328857, 2.24113464e-05, 0.25886941, -0.965912342, -1, 2.24113464e-05, -1.719594e-05, 1.719594e-05, 0.965912342, 0.25886941)}, {CFrame.new(-58.9019775, 20.8399811, 6.4630127, -1.26361847e-05, -0.965938866, -0.258770198, -0.99999994, 1.2755394e-05, 1.66893005e-06, 1.66893005e-06, 0.258770198, -0.965938807)}, {CFrame.new(-50.619751, 22.8399811, 37.3724365, -1.26361847e-05, -0.965938866, -0.258770198, -0.99999994, 1.2755394e-05, 1.66893005e-06, 1.66893005e-06, 0.258770198, -0.965938807)}, {CFrame.new(-26.5227051, 22.8399811, 42.3037109, 1.2755394e-05, 0.965938866, 0.258770198, -0.99999994, 1.2755394e-05, 1.66893005e-06, -1.66893005e-06, -0.258770198, 0.965938926)}, {CFrame.new(1.67822266, 22.8399811, 31.6409912, 1.2755394e-05, 0.965938866, 0.258770198, -0.99999994, 1.2755394e-05, 1.66893005e-06, -1.66893005e-06, -0.258770198, 0.965938926)}, {CFrame.new(-54.7608643, 22.8399811, 21.9177246, -1.26361847e-05, -0.965938866, -0.258770198, -0.99999994, 1.2755394e-05, 1.66893005e-06, 1.66893005e-06, 0.258770198, -0.965938807)}, {CFrame.new(-19.6784668, 20.8399811, 2.1640625, 1.2755394e-05, 0.965938866, 0.258770198, -0.99999994, 1.2755394e-05, 1.66893005e-06, -1.66893005e-06, -0.258770198, 0.965938926)}, {CFrame.new(-62.0078125, 22.8399811, -5.12805176, -1.26361847e-05, -0.965938866, -0.258770198, -0.99999994, 1.2755394e-05, 1.66893005e-06, 1.66893005e-06, 0.258770198, -0.965938807)}}, 
{["Item"] = "Stone", ["Amount"] = 2, ["Whole"] = false, {CFrame.new(-59.5068359, 0, 10.0925293, -0.965929747, 0, -0.258804798, 0, 1, 0, 0.258804798, 0, -0.965929747)}, {CFrame.new(-59.5068359, 4, 10.0925293, -0.965929747, 0, -0.258804798, 0, 1, 0, 0.258804798, 0, -0.965929747)}, {CFrame.new(-58.6656494, 4, 13.2318115, -0.965929747, 0, -0.258804798, 0, 1, 0, 0.258804798, 0, -0.965929747)}, {CFrame.new(-58.6656494, 0, 13.2318115, -0.965929747, 0, -0.258804798, 0, 1, 0, 0.258804798, 0, -0.965929747)}}, 
{["Item"] = "Planks", ["Amount"] = 8, ["Whole"] = false, {CFrame.new(-58.4888916, 21.8399811, 2.2109375, -0.258864403, 0, 0.965913713, 0, 1, 0, -0.965913713, 0, -0.258864403)}, {CFrame.new(-3.70349121, 21.8399811, 28.9423828, -0.965929747, 0, -0.258804798, 0, 1, 0, 0.258804798, 0, -0.965929747)}, {CFrame.new(-0.0295410156, 21.8399887, 31.0635986, 0.258864343, -0, -0.965913713, 0, 1, -0, 0.965913713, 0, 0.258864343)}, {CFrame.new(-49.6889648, 21.8399811, 35.0524902, -0.258864403, 0, 0.965913713, 0, 1, 0, -0.965913713, 0, -0.258864403)}, {CFrame.new(-56.418335, 21.8399811, 9.93835449, -0.258864403, 0, 0.965913713, 0, 1, 0, -0.965913713, 0, -0.258864403)}, {CFrame.new(-8.18664551, 21.8399963, 50.8487549, 0.965929627, 0, 0.258804798, 0, 1, 0, -0.258804798, 0, 0.965929627)}, {CFrame.new(-10.4649658, 21.8399811, 30.7541504, -0.965929747, 0, -0.258804798, 0, 1, 0, 0.258804798, 0, -0.965929747)}, {CFrame.new(-50.8494873, 21.8400116, -19.5067139, -0.965929747, 0, -0.258804798, 0, 1, 0, 0.258804798, 0, -0.965929747)}, {CFrame.new(-32.4919434, 21.8399887, 33.5499268, -0.965929747, 0, -0.258804798, 0, 1, 0, 0.258804798, 0, -0.965929747)}, {CFrame.new(-15.4333496, 21.8399811, 23.8031006, -0.258864403, 0, 0.965913713, 0, 1, 0, -0.965913713, 0, -0.258864403)}, {CFrame.new(-27.8566895, 21.8399811, -22.5614014, -0.258864403, 0, 0.965913713, 0, 1, 0, -0.965913713, 0, -0.258864403)}, {CFrame.new(-18.8118896, 21.8399963, 53.6958008, 0.965929627, 0, 0.258804798, 0, 1, 0, -0.258804798, 0, 0.965929627)}, {CFrame.new(-14.6568604, 21.8399811, 26.7009277, -0.258864403, 0, 0.965913713, 0, 1, 0, -0.965913713, 0, -0.258864403)}, {CFrame.new(-21.6450195, 21.8399811, 0.620849609, -0.258864403, 0, 0.965913713, 0, 1, 0, -0.965913713, 0, -0.258864403)}, {CFrame.new(-60.5594482, 21.8399811, -5.51647949, -0.258864403, 0, 0.965913713, 0, 1, 0, -0.965913713, 0, -0.258864403)}, {CFrame.new(-50.206665, 21.8399811, 33.1206055, -0.258864403, 0, 0.965913713, 0, 1, 0, -0.965913713, 0, -0.258864403)}, {CFrame.new(-23.7155762, 21.8399811, -7.10656738, -0.258864403, 0, 0.965913713, 0, 1, 0, -0.965913713, 0, -0.258864403)}, {CFrame.new(-52.2772217, 21.8399811, 25.3931885, -0.258864403, 0, 0.965913713, 0, 1, 0, -0.965913713, 0, -0.258864403)}, {CFrame.new(-33.4627686, 21.8400116, -24.1654053, -0.965929747, 0, -0.258804798, 0, 1, 0, 0.258804798, 0, -0.965929747)}, {CFrame.new(-15.9140625, 21.8399963, 52.9193115, 0.965929627, 0, 0.258804798, 0, 1, 0, -0.258804798, 0, 0.965929627)}, {CFrame.new(-23.0037842, 21.8399887, 49.6424561, -0.258864403, 0, 0.965913713, 0, 1, 0, -0.965913713, 0, -0.258864403)}, {CFrame.new(-25.0743408, 21.8399887, 41.9150391, -0.258864403, 0, 0.965913713, 0, 1, 0, -0.965913713, 0, -0.258864403)}, {CFrame.new(-40.2193604, 21.8399887, 35.6204834, -0.965929747, 0, -0.258804798, 0, 1, 0, 0.258804798, 0, -0.965929747)}, {CFrame.new(-19.5744629, 21.8399811, 8.3482666, -0.258864403, 0, 0.965913713, 0, 1, 0, -0.965913713, 0, -0.258864403)}, {CFrame.new(-58.5769043, 21.8400116, -17.4361572, -0.965929747, 0, -0.258804798, 0, 1, 0, 0.258804798, 0, -0.965929747)}, {CFrame.new(3.59387207, 21.8399887, 44.5865479, 0.258864343, -0, -0.965913713, 0, 1, -0, 0.965913713, 0, 0.258864343)}, {CFrame.new(-26.8859863, 21.8399887, 35.1535645, -0.258864403, 0, 0.965913713, 0, 1, 0, -0.965913713, 0, -0.258864403)}, {CFrame.new(-54.3477783, 21.8399811, 17.6657715, -0.258864403, 0, 0.965913713, 0, 1, 0, -0.965913713, 0, -0.258864403)}, {CFrame.new(-62.6300049, 21.8399811, -13.2438965, -0.258864403, 0, 0.965913713, 0, 1, 0, -0.965913713, 0, -0.258864403)}, {CFrame.new(3.07629395, 21.8399887, 42.6546631, 0.258864343, -0, -0.965913713, 0, 1, -0, 0.965913713, 0, 0.258864343)}, {CFrame.new(-25.7861328, 21.8399811, -14.8339844, -0.258864403, 0, 0.965913713, 0, 1, 0, -0.965913713, 0, -0.258864403)}, {CFrame.new(-17.5039062, 21.8399811, 16.0756836, -0.258864403, 0, 0.965913713, 0, 1, 0, -0.965913713, 0, -0.258864403)}, {CFrame.new(-0.459228516, 21.8399963, 48.7781982, 0.965929627, 0, 0.258804798, 0, 1, 0, -0.258804798, 0, 0.965929627)}, {CFrame.new(-35.3946533, 21.8400116, -23.6478271, -0.965929747, 0, -0.258804798, 0, 1, 0, 0.258804798, 0, -0.965929747)}, {CFrame.new(-43.1220703, 21.8400116, -21.5772705, -0.965929747, 0, -0.258804798, 0, 1, 0, 0.258804798, 0, -0.965929747)}, {CFrame.new(-44.0830078, 21.8399887, 36.6557617, -0.965929747, 0, -0.258804798, 0, 1, 0, 0.258804798, 0, -0.965929747)}, {CFrame.new(31.7054443, 65.4500351, -14.4460449, 2.05039978e-05, 0.86604017, -0.499974549, -1.00000012, 2.05039978e-05, -5.49852848e-06, 5.49852848e-06, 0.499974549, 0.866040111), ["CID"] = 1}, {CFrame.new(31.7054443, 35.4500351, -14.4460449, 2.05039978e-05, 0.86604017, -0.499974549, -1.00000012, 2.05039978e-05, -5.49852848e-06, 5.49852848e-06, 0.499974549, 0.866040111), ["CID"] = 1}, {CFrame.new(54.5809326, 29.4500275, -20.6065674, 2.05039978e-05, -0.499938965, -0.866060615, -1, -2.05039978e-05, -1.18613243e-05, -1.18613243e-05, 0.866060615, -0.499938965), ["CID"] = 1}, {CFrame.new(31.7054443, 47.4500351, -14.4460449, 2.05039978e-05, 0.86604017, -0.499974549, -1.00000012, 2.05039978e-05, -5.49852848e-06, 5.49852848e-06, 0.499974549, 0.866040111), ["CID"] = 1}, {CFrame.new(54.5809326, 65.4500275, -20.6065674, 2.05039978e-05, -0.499938965, -0.866060615, -1, -2.05039978e-05, -1.18613243e-05, -1.18613243e-05, 0.866060615, -0.499938965), ["CID"] = 1}, {CFrame.new(60.7558594, 13.4500275, 2.32629395, 2.05039978e-05, 0.86604017, -0.499974549, -1.00000012, 2.05039978e-05, -5.49852848e-06, 5.49852848e-06, 0.499974549, 0.866040111), ["CID"] = 1}, {CFrame.new(37.8034668, 59.4500275, 8.45263672, 2.05039978e-05, -0.499938965, -0.866060615, -1, -2.05039978e-05, -1.18613243e-05, -1.18613243e-05, 0.866060615, -0.499938965), ["CID"] = 1}, {CFrame.new(31.7054443, 59.4500351, -14.4460449, 2.05039978e-05, 0.86604017, -0.499974549, -1.00000012, 2.05039978e-05, -5.49852848e-06, 5.49852848e-06, 0.499974549, 0.866040111), ["CID"] = 1}, {CFrame.new(54.5809326, 35.4500275, -20.6065674, 2.05039978e-05, -0.499938965, -0.866060615, -1, -2.05039978e-05, -1.18613243e-05, -1.18613243e-05, 0.866060615, -0.499938965), ["CID"] = 1}, {CFrame.new(37.8034668, 35.4500275, 8.45263672, 2.05039978e-05, -0.499938965, -0.866060615, -1, -2.05039978e-05, -1.18613243e-05, -1.18613243e-05, 0.866060615, -0.49938965), ["CID"] = 1}, {CFrame.new(37.8034668, 41.4500275, 8.45263672, 2.05039978e-05, -0.499938965, -0.866060615, -1, -2.05039978e-05, -1.18613243e-05, -1.18613243e-05, 0.866060615, -0.499938965), ["CID"] = 1}, {CFrame.new(37.8034668, 17.4500275, 8.45263672, 2.05039978e-05, -0.499938965, -0.866060615, -1, -2.05039978e-05, -1.18613243e-05, -1.18613243e-05, 0.866060615, -0.499938965), ["CID"] = 1}, {CFrame.new(37.8034668, 13.4500275, 8.45263672, 2.05039978e-05, -0.499938965, -0.866060615, -1, -2.05039978e-05, -1.18613243e-05, -1.18613243e-05, 0.866060615, -0.499938965), ["CID"] = 1}, {CFrame.new(31.7054443, 17.4500351, -14.4460449, 2.05039978e-05, 0.86604017, -0.499974549, -1.00000012, 2.05039978e-05, -5.49852848e-06, 5.49852848e-06, 0.499974549, 0.866040111), ["CID"] = 1}, {CFrame.new(37.8034668, 65.4500275, 8.45263672, 2.05039978e-05, -0.499938965, -0.866060615, -1, -2.05039978e-05, -1.18613243e-05, -1.18613243e-05, 0.866060615, -0.499938965), ["CID"] = 1}, {CFrame.new(60.7558594, 65.4500275, 2.32629395, 2.05039978e-05, 0.86604017, -0.499974549, -1.00000012, 2.05039978e-05, -5.49852848e-06, 5.49852848e-06, 0.499974549, 0.866040111), ["CID"] = 1}, {CFrame.new(37.8034668, 23.4500275, 8.45263672, 2.05039978e-05, -0.499938965, -0.866060615, -1, -2.05039978e-05, -1.18613243e-05, -1.18613243e-05, 0.866060615, -0.499938965), ["CID"] = 1}, {CFrame.new(54.5809326, 17.4500275, -20.6065674, 2.05039978e-05, -0.499938965, -0.866060615, -1, -2.05039978e-05, -1.18613243e-05, -1.18613243e-05, 0.866060615, -0.499938965), ["CID"] = 1}, {CFrame.new(31.7054443, 41.4500351, -14.4460449, 2.05039978e-05, 0.86604017, -0.499974549, -1.00000012, 2.05039978e-05, -5.49852848e-06, 5.49852848e-06, 0.499974549, 0.866040111), ["CID"] = 1}, {CFrame.new(37.8034668, 29.4500275, 8.45263672, 2.05039978e-05, -0.499938965, -0.866060615, -1, -2.05039978e-05, -1.18613243e-05, -1.18613243e-05, 0.866060615, -0.499938965), ["CID"] = 1}, {CFrame.new(31.7054443, 53.4500351, -14.4460449, 2.05039978e-05, 0.86604017, -0.499974549, -1.00000012, 2.05039978e-05, -5.49852848e-06, 5.49852848e-06, 0.499974549, 0.866040111), ["CID"] = 1}, {CFrame.new(54.5809326, 41.4500275, -20.6065674, 2.05039978e-05, -0.499938965, -0.866060615, -1, -2.05039978e-05, -1.18613243e-05, -1.18613243e-05, 0.866060615, -0.499938965), ["CID"] = 1}, {CFrame.new(31.7054443, 13.4500351, -14.4460449, 2.05039978e-05, 0.86604017, -0.499974549, -1.00000012, 2.05039978e-05, -5.49852848e-06, 5.49852848e-06, 0.499974549, 0.866040111), ["CID"] = 1}, {CFrame.new(54.5809326, 23.4500275, -20.6065674, 2.05039978e-05, -0.499938965, -0.866060615, -1, -2.05039978e-05, -1.18613243e-05, -1.18613243e-05, 0.866060615, -0.499938965), ["CID"] = 1}, {CFrame.new(54.5809326, 59.4500275, -20.6065674, 2.05039978e-05, -0.499938965, -0.866060615, -1, -2.05039978e-05, -1.18613243e-05, -1.18613243e-05, 0.866060615, -0.499938965), ["CID"] = 1}, {CFrame.new(31.7054443, 29.4500351, -14.4460449, 2.05039978e-05, 0.86604017, -0.499974549, -1.00000012, 2.05039978e-05, -5.49852848e-06, 5.49852848e-06, 0.499974549, 0.866040111), ["CID"] = 1}, {CFrame.new(54.5809326, 53.4500275, -20.6065674, 2.05039978e-05, -0.499938965, -0.866060615, -1, -2.05039978e-05, -1.18613243e-05, -1.18613243e-05, 0.866060615, -0.499938965), ["CID"] = 1}, {CFrame.new(60.7558594, 41.4500275, 2.32629395, 2.05039978e-05, 0.86604017, -0.499974549, -1.00000012, 2.05039978e-05, -5.49852848e-06, 5.49852848e-06, 0.499974549, 0.866040111), ["CID"] = 1}, {CFrame.new(31.7054443, 23.4500351, -14.4460449, 2.05039978e-05, 0.86604017, -0.499974549, -1.00000012, 2.05039978e-05, -5.49852848e-06, 5.49852848e-06, 0.499974549, 0.866040111), ["CID"] = 1}, {CFrame.new(60.7558594, 23.4500275, 2.32629395, 2.05039978e-05, 0.86604017, -0.499974549, -1.00000012, 2.05039978e-05, -5.49852848e-06, 5.49852848e-06, 0.499974549, 0.866040111), ["CID"] = 1}, {CFrame.new(60.7558594, 29.4500275, 2.32629395, 2.05039978e-05, 0.86604017, -0.499974549, -1.00000012, 2.05039978e-05, -5.49852848e-06, 5.49852848e-06, 0.499974549, 0.866040111), ["CID"] = 1}, {CFrame.new(37.8034668, 47.4500275, 8.45263672, 2.05039978e-05, -0.499938965, -0.866060615, -1, -2.05039978e-05, -1.18613243e-05, -1.18613243e-05, 0.866060615, -0.499938965), ["CID"] = 1}, {CFrame.new(60.7558594, 53.4500275, 2.32629395, 2.05039978e-05, 0.86604017, -0.499974549, -1.00000012, 2.05039978e-05, -5.49852848e-06, 5.49852848e-06, 0.499974549, 0.866040111), ["CID"] = 1}, {CFrame.new(60.7558594, 59.4500275, 2.32629395, 2.05039978e-05, 0.86604017, -0.499974549, -1.00000012, 2.05039978e-05, -5.49852848e-06, 5.49852848e-06, 0.499974549, 0.866040111), ["CID"] = 1}, {CFrame.new(60.7558594, 17.4500275, 2.32629395, 2.05039978e-05, 0.86604017, -0.499974549, -1.00000012, 2.05039978e-05, -5.49852848e-06, 5.49852848e-06, 0.499974549, 0.866040111), ["CID"] = 1}, {CFrame.new(60.7558594, 47.4500275, 2.32629395, 2.05039978e-05, 0.86604017, -0.499974549, -1.00000012, 2.05039978e-05, -5.49852848e-06, 5.49852848e-06, 0.499974549, 0.866040111), ["CID"] = 1}, {CFrame.new(60.7558594, 35.4500275, 2.32629395, 2.05039978e-05, 0.86604017, -0.499974549, -1.00000012, 2.05039978e-05, -5.49852848e-06, 5.49852848e-06, 0.499974549, 0.866040111), ["CID"] = 1}, {CFrame.new(37.8034668, 53.4500275, 8.45263672, 2.05039978e-05, -0.499938965, -0.866060615, -1, -2.05039978e-05, -1.18613243e-05, -1.18613243e-05, 0.866060615, -0.499938965), ["CID"] = 1}, {CFrame.new(54.5809326, 47.4500275, -20.6065674, 2.05039978e-05, -0.499938965, -0.866060615, -1, -2.05039978e-05, -1.18613243e-05, -1.18613243e-05, 0.866060615, -0.499938965), ["CID"] = 1}, {CFrame.new(54.5809326, 13.4500275, -20.6065674, 2.05039978e-05, -0.499938965, -0.866060615, -1, -2.05039978e-05, -1.18613243e-05, -1.18613243e-05, 0.866060615, -0.499938965), ["CID"] = 1}}, 
