{{["Item"] = "Timber", ["Amount"] = 13, ["Whole"] = false, {CFrame.new(10.7192383, 34.5037384, -20.2070312, 0.707134247, -0.000112784233, 0.707079291, 4.6719324e-05, 1, 0.000112784233, -0.707079291, -4.6719324e-05, 0.707134247)}, {CFrame.new(-17.2797852, 26.5031815, 12.208252, -0.707134247, -0.000112784233, -0.707079291, -4.6719324e-05, 1, -0.000112784233, 0.707079291, -4.6719324e-05, -0.707134247)}, {CFrame.new(20.7197266, 26.5048676, -10.206543, 0.707134247, -0.000112784233, 0.707079291, 4.6719324e-05, 1, 0.000112784233, -0.707079291, -4.6719324e-05, 0.707134247)}, {CFrame.new(-17.2802734, 34.5031662, 12.2077637, -0.707134247, -0.000112784233, -0.707079291, -4.6719324e-05, 1, -0.000112784233, 0.707079291, -4.6719324e-05, -0.707134247)}, {CFrame.new(20.177002, 26.5057297, 10.2507324, 0.707134247, -7.97517787e-05, -0.707079291, 7.97517787e-05, 1, -3.30324547e-05, 0.707079291, -3.30324547e-05, 0.707134247)}, {CFrame.new(-11.2373047, 26.5021591, -18.2487793, -0.707134247, -7.97517787e-05, 0.707079291, -7.97517787e-05, 1, 3.30324547e-05, -0.707079291, -3.30324547e-05, -0.707134247)}, {CFrame.new(18.7197266, 26.504612, -12.206543, 0.707134247, -0.000112784233, 0.707079291, 4.6719324e-05, 1, 0.000112784233, -0.707079291, -4.6719324e-05, 0.707134247)}, {CFrame.new(-9.23730469, 26.5022469, -20.2490234, -0.707134247, -7.97517787e-05, 0.707079291, -7.97517787e-05, 1, 3.30324547e-05, -0.707079291, -3.30324547e-05, -0.707134247)}, {CFrame.new(-19.237793, 34.5019989, -10.2495117, -0.707134247, -7.97517787e-05, 0.707079291, -7.97517787e-05, 1, 3.30324547e-05, -0.707079291, -3.30324547e-05, -0.707134247)}, {CFrame.new(12.1765137, 34.5055695, 18.2502441, 0.707134247, -7.97517787e-05, -0.707079291, 7.97517787e-05, 1, -3.30324547e-05, 0.707079291, -3.30324547e-05, 0.707134247)}, {CFrame.new(12.1772461, 26.5055962, 18.2504883, 0.707134247, -7.97517787e-05, -0.707079291, 7.97517787e-05, 1, -3.30324547e-05, 0.707079291, -3.30324547e-05, 0.707134247)}, {CFrame.new(10.1772461, 26.5054665, 20.2502441, 0.707134247, -7.97517787e-05, -0.707079291, 7.97517787e-05, 1, -3.30324547e-05, 0.707079291, -3.30324547e-05, 0.707134247)}, {CFrame.new(10.7194824, 26.5037193, -20.2062988, 0.707134247, -0.000112784233, 0.707079291, 4.6719324e-05, 1, 0.000112784233, -0.707079291, -4.6719324e-05, 0.707134247)}, {CFrame.new(-9.27978516, 26.5040741, 20.2080078, -0.707134247, -0.000112784233, -0.707079291, -4.6719324e-05, 1, -0.000112784233, 0.707079291, -4.6719324e-05, -0.707134247)}, {CFrame.new(20.1762695, 34.5057449, 10.2502441, 0.707134247, -7.97517787e-05, -0.707079291, 7.97517787e-05, 1, -3.30324547e-05, 0.707079291, -3.30324547e-05, 0.707134247)}, {CFrame.new(-9.28076172, 34.5041084, 20.2077637, -0.707134247, -0.000112784233, -0.707079291, -4.6719324e-05, 1, -0.000112784233, 0.707079291, -4.6719324e-05, -0.707134247)}, {CFrame.new(10.1767578, 34.5054779, 20.25, 0.707134247, -7.97517787e-05, -0.707079291, 7.97517787e-05, 1, -3.30324547e-05, 0.707079291, -3.30324547e-05, 0.707134247)}, {CFrame.new(-11.237793, 34.5021439, -18.2495117, -0.707134247, -7.97517787e-05, 0.707079291, -7.97517787e-05, 1, 3.30324547e-05, -0.707079291, -3.30324547e-05, -0.707134247)}, {CFrame.new(-17.2827148, 60.1031151, 12.2067871, -0.707134247, -0.000112784233, -0.707079291, -4.6719324e-05, 1, -0.000112784233, 0.707079291, -4.6719324e-05, -0.707134247)}, {CFrame.new(-11.2397461, 60.1020927, -18.2504883, -0.707134247, -7.97517787e-05, 0.707079291, -7.97517787e-05, 1, 3.30324547e-05, -0.707079291, -3.30324547e-05, -0.707134247)}, {CFrame.new(10.175293, 52.1054001, 20.2492676, 0.707134247, -7.97517787e-05, -0.707079291, 7.97517787e-05, 1, -3.30324547e-05, 0.707079291, -3.30324547e-05, 0.707134247)}, {CFrame.new(-17.2817383, 52.1030884, 12.2070312, -0.707134247, -0.000112784233, -0.707079291, -4.6719324e-05, 1, -0.000112784233, 0.707079291, -4.6719324e-05, -0.707134247)}, {CFrame.new(-11.2392578, 52.102066, -18.25, -0.707134247, -7.97517787e-05, 0.707079291, -7.97517787e-05, 1, 3.30324547e-05, -0.707079291, -3.30324547e-05, -0.707134247)}, {CFrame.new(-19.2827148, 60.1028709, 10.206543, -0.707134247, -0.000112784233, -0.707079291, -4.6719324e-05, 1, -0.000112784233, 0.707079291, -4.6719324e-05, -0.707134247)}, {CFrame.new(18.7177734, 52.1045685, -12.2075195, 0.707134247, -0.000112784233, 0.707079291, 4.6719324e-05, 1, 0.000112784233, -0.707079291, -4.6719324e-05, 0.707134247)}, {CFrame.new(-9.28173828, 52.1039848, 20.2070312, -0.707134247, -0.000112784233, -0.707079291, -4.6719324e-05, 1, -0.000112784233, 0.707079291, -4.6719324e-05, -0.707134247)}, {CFrame.new(20.7172852, 52.1048126, -10.2075195, 0.707134247, -0.000112784233, 0.707079291, 4.6719324e-05, 1, 0.000112784233, -0.707079291, -4.6719324e-05, 0.707134247)}, {CFrame.new(-9.23999023, 60.102169, -20.2502441, -0.707134247, -7.97517787e-05, 0.707079291, -7.97517787e-05, 1, 3.30324547e-05, -0.707079291, -3.30324547e-05, -0.707134247)}, {CFrame.new(-19.2397461, 60.1018944, -10.2504883, -0.707134247, -7.97517787e-05, 0.707079291, -7.97517787e-05, 1, 3.30324547e-05, -0.707079291, -3.30324547e-05, -0.707134247)}, {CFrame.new(10.7167969, 60.1035728, -20.2077637, 0.707134247, -0.000112784233, 0.707079291, 4.6719324e-05, 1, 0.000112784233, -0.707079291, -4.6719324e-05, 0.707134247)}, {CFrame.new(10.7175293, 52.103569, -20.2077637, 0.707134247, -0.000112784233, 0.707079291, 4.6719324e-05, 1, 0.000112784233, -0.707079291, -4.6719324e-05, 0.707134247)}, {CFrame.new(12.175293, 52.1054916, 18.2495117, 0.707134247, -7.97517787e-05, -0.707079291, 7.97517787e-05, 1, -3.30324547e-05, 0.707079291, -3.30324547e-05, 0.707134247)}, {CFrame.new(18.7167969, 60.1045799, -12.2077637, 0.707134247, -0.000112784233, 0.707079291, 4.6719324e-05, 1, 0.000112784233, -0.707079291, -4.6719324e-05, 0.707134247)}, {CFrame.new(20.175293, 52.1056862, 10.2492676, 0.707134247, -7.97517787e-05, -0.707079291, 7.97517787e-05, 1, -3.30324547e-05, 0.707079291, -3.30324547e-05, 0.707134247)}, {CFrame.new(-19.2390137, 52.1018753, -10.2502441, -0.707134247, -7.97517787e-05, 0.707079291, -7.97517787e-05, 1, 3.30324547e-05, -0.707079291, -3.30324547e-05, -0.707134247)}, {CFrame.new(-19.2819824, 52.1028633, 10.2067871, -0.707134247, -0.000112784233, -0.707079291, -4.6719324e-05, 1, -0.000112784233, 0.707079291, -4.6719324e-05, -0.707134247)}, {CFrame.new(-9.23925781, 52.1021576, -20.25, -0.707134247, -7.97517787e-05, 0.707079291, -7.97517787e-05, 1, 3.30324547e-05, -0.707079291, -3.30324547e-05, -0.707134247)}, {CFrame.new(-9.28271484, 60.1040611, 20.206543, -0.707134247, -0.000112784233, -0.707079291, -4.6719324e-05, 1, -0.000112784233, 0.707079291, -4.6719324e-05, -0.707134247)}, {CFrame.new(20.717041, 60.1047478, -10.208252, 0.707134247, -0.000112784233, 0.707079291, 4.6719324e-05, 1, 0.000112784233, -0.707079291, -4.6719324e-05, 0.707134247)}, {CFrame.new(20.1743164, 60.1056938, 10.2490234, 0.707134247, -7.97517787e-05, -0.707079291, 7.97517787e-05, 1, -3.30324547e-05, 0.707079291, -3.30324547e-05, 0.707134247)}, {CFrame.new(12.1748047, 60.1054649, 18.2492676, 0.707134247, -7.97517787e-05, -0.707079291, 7.97517787e-05, 1, -3.30324547e-05, 0.707079291, -3.30324547e-05, 0.707134247)}, {CFrame.new(10.1748047, 60.1054039, 20.2492676, 0.707134247, -7.97517787e-05, -0.707079291, 7.97517787e-05, 1, -3.30324547e-05, 0.707079291, -3.30324547e-05, 0.707134247)}, {CFrame.new(-9.23779297, 34.5022202, -20.2492676, -0.707134247, -7.97517787e-05, 0.707079291, -7.97517787e-05, 1, 3.30324547e-05, -0.707079291, -3.30324547e-05, -0.707134247)}, {CFrame.new(-19.2797852, 26.5029716, 10.2080078, -0.707134247, -0.000112784233, -0.707079291, -4.6719324e-05, 1, -0.000112784233, 0.707079291, -4.6719324e-05, -0.707134247)}, {CFrame.new(20.71875, 34.5048866, -10.2070312, 0.707134247, -0.000112784233, 0.707079291, 4.6719324e-05, 1, 0.000112784233, -0.707079291, -4.6719324e-05, 0.707134247)}, {CFrame.new(-19.2373047, 26.5019035, -10.2487793, -0.707134247, -7.97517787e-05, 0.707079291, -7.97517787e-05, 1, 3.30324547e-05, -0.707079291, -3.30324547e-05, -0.707134247)}, {CFrame.new(-19.2802734, 34.5029869, 10.2077637, -0.707134247, -0.000112784233, -0.707079291, -4.6719324e-05, 1, -0.000112784233, 0.707079291, -4.6719324e-05, -0.707134247)}, {CFrame.new(18.7192383, 34.5045853, -12.2067871, 0.707134247, -0.000112784233, 0.707079291, 4.6719324e-05, 1, 0.000112784233, -0.707079291, -4.6719324e-05, 0.707134247)}}, 
{["Item"] = "MetalTruss", ["Amount"] = 5, ["Whole"] = false, {CFrame.new(2.26416016, 7.50500393, 23.6413574, 0, 0, -1, 0, 1, 0, 1, 0, 0)}, {CFrame.new(23.9541016, 7.50536251, -1.74829102, 1, 0, 0, 0, 1, 0, 0, 0, 1)}, {CFrame.new(-8.23779297, 32.5033493, -0.249511719, 0, 0, 1, 0, 1, -0, -1, 0, 0)}, {CFrame.new(-1.73632812, 16.5036201, -0.248535156, 0, 0, 1, 0, 1, -0, -1, 0, 0)}, {CFrame.new(5.26416016, 7.50397015, -3.27832031, 0, 0, 1, 0, 1, -0, -1, 0, 0)}, {CFrame.new(-1.73730469, 24.5035057, -0.249023438, 0, 0, 1, 0, 1, -0, -1, 0, 0)}, {CFrame.new(5.2644043, 7.50427532, 2.90185547, 0, 0, 1, 0, 1, -0, -1, 0, 0)}, {CFrame.new(-8.23779297, 35.5033569, -0.249511719, 0, 0, 1, 0, 1, -0, -1, 0, 0)}, {CFrame.new(11.7612305, 48.1048126, -0.250244141, 0, 0, -1, 0, 1, 0, 1, 0, 0)}, {CFrame.new(11.7614746, 43.6048889, -0.25, 0, 0, -1, 0, 1, 0, 1, 0, 0)}, {CFrame.new(2.58398438, 7.48275661, -23.9074707, 0, 0, 1, 0, -1, 0, 1, 0, -0)}, {CFrame.new(0.583740234, 7.48263264, -23.9074707, 0, 0, 1, 0, -1, 0, 1, 0, -0)}, {CFrame.new(-0.916015625, 7.48253155, -23.907959, 0, 0, 1, 0, -1, 0, 1, 0, -0)}, {CFrame.new(-1.23535156, 7.50482273, 23.6416016, 0, 0, -1, 0, 1, 0, 1, 0, 0)}, {CFrame.new(0.764160156, 7.50496387, 23.6416016, 0, 0, -1, 0, 1, 0, 1, 0, 0)}, {CFrame.new(23.9541016, 7.50554752, -0.248535156, 1, 0, 0, 0, 1, 0, 0, 0, 1)}, {CFrame.new(23.9541016, 7.50558567, 1.7512207, 1, 0, 0, 0, 1, 0, 0, 0, 1)}}, 
{["Item"] = "Walls", ["Amount"] = 180, ["Whole"] = false, {CFrame.new(-2.26269531, 2.00323057, -0.164306641, 0, 1, -0, -1, 0, 0, 0, 0, 1)}, {CFrame.new(-20.5622559, 8.47794437, -10.8591309, -0.707060218, -3.32891941e-05, 0.707153201, -0.707153201, 8.04066658e-05, -0.707060277, -3.32891941e-05, -0.99999994, -8.03470612e-05)}, {CFrame.new(0.677734375, 6.00296211, -24.7946777, 0, 0, -1, 0, 1, 0, 1, 0, 0)}, {CFrame.new(0.677734375, 9.54295921, -24.7944336, 0, 0, -1, 0, 1, 0, 1, 0, 0)}, {CFrame.new(0.764160156, 5.47245121, -31.7480469, 0, 0, -1, 0, 1, 0, 1, 0, 0)}, {CFrame.new(-4.23583984, 9.54264641, -28.2485352, -1, 0, 0, 0, 1, 0, 0, 0, -1)}, {CFrame.new(-4.23583984, 6.00263405, -28.248291, -1, 0, 0, 0, 1, 0, 0, 0, -1)}, {CFrame.new(5.76416016, 6.13335228, -28.248291, -1, 0, 0, 0, 1, 0, 0, 0, -1)}, {CFrame.new(0.764160156, 6.66244984, -31.748291, 0, 0, -1, 0, 1, 0, 1, 0, 0)}, {CFrame.new(5.76367188, 9.67331886, -28.2485352, -1, 0, 0, 0, 1, 0, 0, 0, -1)}, {CFrame.new(0.763671875, 12.6623573, -31.748291, 0, 0, -1, 0, 1, 0, 1, 0, 0)}, {CFrame.new(32.2641602, 5.50623322, -1.22851562, -1, 0, 0, 0, 1, 0, 0, 0, -1)}, {CFrame.new(32.2641602, 5.50616074, 1.7409668, -1, 0, 0, 0, 1, 0, 0, 0, -1)}, {CFrame.new(32.2641602, 5.50625134, 0.251464844, -1, 0, 0, 0, 1, 0, 0, 0, -1)}, {CFrame.new(1.00341797, 11.5033264, -28.0078125, 0, 0, -1, -1, 0, 0, 0, 1, 0)}, {CFrame.new(5.76342773, 15.5033512, -28.2485352, -1, 0, 0, 0, 1, 0, 0, 0, -1)}, {CFrame.new(5.76318359, 19.5032463, -28.2487793, -1, 0, 0, 0, 1, 0, 0, 0, -1)}, {CFrame.new(-7.73583984, 11.5018005, -30.7478027, 0, 0, -1, 0, 1, 0, 1, 0, 0)}, {CFrame.new(-18.7363281, 11.5010529, -30.748291, 0, 0, -1, 0, 1, 0, 1, 0, 0)}, {CFrame.new(-4.23681641, 15.5022545, -28.2492676, -1, 0, 0, 0, 1, 0, 0, 0, -1)}, {CFrame.new(-30.2358398, 11.5012798, -10.248291, 1, 0, 0, 0, 1, 0, 0, 0, 1)}, {CFrame.new(-30.2358398, 11.500658, -19.2480469, 1, 0, 0, 0, 1, 0, 0, 0, 1)}, {CFrame.new(17.2626953, 26.5054817, -0.749267578, 0, -1, 0, 1, 0, -0, 0, 0, 1)}, {CFrame.new(0.760742188, 52.1034966, -0.250488281, 0, 1, 0, 1, 0, 0, 0, 0, -1)}, {CFrame.new(0.264648438, 5.83582306, 31.7514648, 0, 0, 1, 0, 1, -0, -1, 0, 0)}, {CFrame.new(5.26464844, 5.83601761, 28.2514648, 1, 0, 0, 0, 1, 0, 0, 0, 1)}, {CFrame.new(2.76074219, 52.1043358, -1.75024414, 0, 1, 0, 1, 0, 0, 0, 0, -1)}, {CFrame.new(-9.73632812, 11.5017223, -30.748291, 0, 0, -1, 0, 1, 0, 1, 0, 0)}, {CFrame.new(10.25, 26.5052948, 1.56958008, 0, 0, 1, 1, 0, 0, 0, 1, 0)}, {CFrame.new(10.2631836, 26.5050392, -1.24926758, 0, 0, 1, 1, 0, 0, 0, 1, 0)}, {CFrame.new(5.76123047, 52.1055832, 8.24926758, 0, 1, 0, 1, 0, 0, 0, 0, -1)}, {CFrame.new(-4.73535156, 5.83533382, 28.251709, 1, 0, 0, 0, 1, 0, 0, 0, 1)}, {CFrame.new(2.76123047, 52.1052437, 7.24926758, 0, 1, 0, 1, 0, 0, 0, 0, -1)}, {CFrame.new(14.7602539, 63.105442, 8.74926758, 0, 0, 1, 1, 0, 0, 0, 1, 0)}, {CFrame.new(18.6938477, 37.504921, -5.23217773, 0, 0, 1, 1, 0, 0, 0, 1, 0)}, {CFrame.new(-4.73974609, 63.1044197, 17.7490234, 0, 0, 1, 1, 0, 0, 0, 1, 0)}, {CFrame.new(-14.7382812, 37.5026016, -7.74926758, 0, 0, 1, 1, 0, 0, 0, 1, 0)}, {CFrame.new(-12.237793, 37.5036278, 10.2504883, 0, 0, 1, 1, 0, 0, 0, 1, 0)}, {CFrame.new(6.71777344, 52.1033897, -19.2075195, -0.000127196312, 0.707060337, -0.70715332, 1.00000012, 3.34978104e-05, -0.000146061182, -7.94827938e-05, -0.70715332, -0.707060575)}, {CFrame.new(-8.73779297, 34.0033073, -0.249267578, 1, 0, 0, 0, 0, -1, 0, 1, 0)}, {CFrame.new(-18.2392578, 52.1021538, -6.25, -8.03470612e-05, -0.707060277, -0.707153201, 0.99999994, -8.03470612e-05, -3.32891941e-05, -3.32891941e-05, -0.707153201, 0.707060337)}, {CFrame.new(-17.2397461, 63.1029243, 5.24926758, 0, 0, 1, 1, 0, 0, 0, 1, 0)}, {CFrame.new(-7.76220703, 2.0038023, 17.8352051, 0, 1, -0, -1, 0, 0, 0, 0, 1)}, {CFrame.new(0.26171875, 37.5039749, -1.24951172, 0, 0, 1, 1, 0, 0, 0, 1, 0)}, {CFrame.new(-28.2390137, 52.1017456, -0.249755859, 0, 1, 0, 1, 0, 0, 0, 0, -1)}, {CFrame.new(-20.7397461, 61.1018028, -8.25073242, 0.707134247, -7.97517787e-05, -0.707079291, 7.97517787e-05, 1, -3.30324547e-05, 0.707079291, -3.30324547e-05, 0.707134247)}, {CFrame.new(0.761230469, 47.5040016, -18.25, 0, 0, -1, 0, 1, 0, 1, 0, 0)}, {CFrame.new(-28.7392578, 53.1014595, -5.25, 0, 0, -1, 0, 1, 0, 1, 0, 0)}, {CFrame.new(-6.24023438, 63.1032295, -0.250732422, 0, 0, -1, 1, 0, 0, 0, -1, 0)}, {CFrame.new(-5.73925781, 52.1034813, -0.250244141, 0, 0, 1, 1, 0, 0, 0, 1, 0)}, {CFrame.new(-13.7387695, 47.5033913, -7.75024414, 0.707134247, -7.97517787e-05, -0.707079291, 7.97517787e-05, 1, -3.30324547e-05, 0.707079291, -3.30324547e-05, 0.707134247)}, {CFrame.new(18.2612305, 47.506115, 1.24951172, -1, 0, 0, 0, 1, 0, 0, 0, -1)}, {CFrame.new(9.26171875, 41.5043945, -13.7497559, -0.707134247, -0.000112784233, -0.707079291, -4.6719324e-05, 1, -0.000112784233, 0.707079291, -4.6719324e-05, -0.707134247)}, {CFrame.new(21.6750488, 53.1056595, 8.24951172, -0.707134247, -7.97517787e-05, 0.707079291, -7.97517787e-05, 1, 3.30324547e-05, -0.707079291, -3.30324547e-05, -0.707134247)}, {CFrame.new(6.26220703, 37.5052338, 17.25, 0, 0, 1, 1, 0, 0, 0, 1, 0)}, {CFrame.new(2.76025391, 63.1050301, 20.7490234, 0, 0, 1, 1, 0, 0, 0, 1, 0)}, {CFrame.new(8.76171875, 37.5053215, 14.7502441, 0, 0, 1, 1, 0, 0, 0, 1, 0)}, {CFrame.new(-12.2382812, 41.5028076, -9.24951172, 0.707134247, -7.97517787e-05, -0.707079291, 7.97517787e-05, 1, -3.30324547e-05, 0.707079291, -3.30324547e-05, 0.707134247)}, {CFrame.new(-13.2392578, 52.1030846, 4.25, 0, 0, 1, 1, 0, 0, 0, 1, 0)}, {CFrame.new(-4.73779297, 37.5041771, 11.7504883, 0, 0, 1, 1, 0, 0, 0, 1, 0)}, {CFrame.new(-28.739502, 61.1018791, 4.74951172, 0, 0, -1, 0, 1, 0, 1, 0, 0)}, {CFrame.new(-12.2387695, 47.5034294, -9.25, 0.707134247, -7.97517787e-05, -0.707079291, 7.97517787e-05, 1, -3.30324547e-05, 0.707079291, -3.30324547e-05, 0.707134247)}, {CFrame.new(20.7177734, 53.1048546, -9.70776367, -0.707134247, -0.000112784233, -0.707079291, -4.6719324e-05, 1, -0.000112784233, 0.707079291, -4.6719324e-05, -0.707134247)}, {CFrame.new(-16.7387695, 47.5031967, -0.75, 1, 0, 0, 0, 1, 0, 0, 0, 1)}, {CFrame.new(7.76171875, 41.5056038, 15.75, -0.707134247, -7.97517787e-05, 0.707079291, -7.97517787e-05, 1, 3.30324547e-05, -0.707079291, -3.30324547e-05, -0.707134247)}, {CFrame.new(14.7619629, 37.5054588, 8.75024414, 0, 0, 1, 1, 0, 0, 0, 1, 0)}, {CFrame.new(17.7597656, 63.1055336, 5.7487793, 0, 0, 1, 1, 0, 0, 0, 1, 0)}, {CFrame.new(0.261962891, 37.5042114, 4.75024414, 0, 0, 1, 1, 0, 0, 0, 1, 0)}, {CFrame.new(5.75976562, 61.1027336, -29.2507324, -1, 0, 0, 0, 1, 0, 0, 0, -1)}, {CFrame.new(-14.237793, 37.5029488, -0.249755859, 0, 0, 1, 1, 0, 0, 0, 1, 0)}, {CFrame.new(15.6743164, 61.1055412, 14.2490234, -0.707134247, -7.97517787e-05, 0.707079291, -7.97517787e-05, 1, 3.30324547e-05, -0.707079291, -3.30324547e-05, -0.707134247)}, {CFrame.new(13.175293, 52.1053162, 12.2495117, -8.04662704e-05, 0.707060337, 0.70715332, 1.00000012, 8.02278519e-05, 3.32891941e-05, -3.32891941e-05, 0.70715332, -0.707060575)}, {CFrame.new(-7.23974609, 63.1041145, 15.2492676, 0, 0, 1, 1, 0, 0, 0, 1, 0)}, {CFrame.new(10.2607422, 52.1049957, 6.74926758, 0, 0, 1, 1, 0, 0, 0, 1, 0)}, {CFrame.new(-12.2392578, 52.1022301, -12.2502441, -8.03470612e-05, -0.707060277, -0.707153201, 0.99999994, -8.03470612e-05, -3.32891941e-05, -3.32891941e-05, -0.707153201, 0.707060337)}, {CFrame.new(0.761230469, 47.5056458, 18.7497559, 0, 0, 1, 0, 1, -0, -1, 0, 0)}, {CFrame.new(-25.7397461, 62.51614, -0.250732422, 0, 1, 0, 1, 0, 0, 0, 0, -1)}, {CFrame.new(-7.73876953, 47.5051765, 14.2497559, 0.707134247, -0.000112784233, 0.707079291, 4.6719324e-05, 1, 0.000112784233, -0.707079291, -4.6719324e-05, 0.707134247)}, {CFrame.new(13.2600098, 63.1052895, 10.2487793, 0, 0, 1, 1, 0, 0, 0, 1, 0)}, {CFrame.new(-17.2817383, 52.1028976, 7.20678711, 3.36766243e-05, -0.707060277, 0.707153201, 0.99999994, 0.000127077103, 7.94529915e-05, -0.000146061182, 0.707153201, 0.707060337)}, {CFrame.new(6.76171875, 37.5037498, -17.2497559, 0, 0, 1, 1, 0, 0, 0, 1, 0)}, {CFrame.new(-2.73828125, 37.5029488, -19.7495117, 0, 0, 1, 1, 0, 0, 0, 1, 0)}, {CFrame.new(13.2617188, 37.5044975, -10.7495117, 0, 0, 1, 1, 0, 0, 0, 1, 0)}, {CFrame.new(19.1750488, 52.1054077, 6.24951172, -8.04662704e-05, 0.707060337, 0.70715332, 1.00000012, 8.02278519e-05, 3.32891941e-05, -3.32891941e-05, 0.70715332, -0.707060575)}, {CFrame.new(-7.73828125, 41.5045052, 14.2502441, 0.707134247, -0.000112784233, 0.707079291, 4.6719324e-05, 1, 0.000112784233, -0.707079291, -4.6719324e-05, 0.707134247)}, {CFrame.new(14.7177734, 53.1040955, -15.7077637, -0.707134247, -0.000112784233, -0.707079291, -4.6719324e-05, 1, -0.000112784233, 0.707079291, -4.6719324e-05, -0.707134247)}, {CFrame.new(13.2619629, 37.5053635, 10.25, 0, 0, 1, 1, 0, 0, 0, 1, 0)}, {CFrame.new(9.26171875, 37.5043945, -5.74975586, 0, 0, 1, 1, 0, 0, 0, 1, 0)}, {CFrame.new(-12.7399902, 63.1025734, -9.75073242, 0, 0, 1, 1, 0, 0, 0, 1, 0)}, {CFrame.new(-5.73901367, 52.1041298, 15.2497559, 0, 0, 1, 1, 0, 0, 0, 1, 0)}, {CFrame.new(-20.737793, 37.5024223, -3.24951172, 0, 0, 1, 1, 0, 0, 0, 1, 0)}, {CFrame.new(21.6743164, 61.1057243, 8.24902344, -0.707134247, -7.97517787e-05, 0.707079291, -7.97517787e-05, 1, 3.30324547e-05, -0.707079291, -3.30324547e-05, -0.707134247)}, {CFrame.new(33.2602539, 53.1060944, 0.249267578, -1, 0, 0, 0, 1, 0, 0, 0, -1)}, {CFrame.new(-20.7397461, 63.1025276, 2.74926758, 0, 0, 1, 1, 0, 0, 0, 1, 0)}, {CFrame.new(21.7617188, 37.5057716, 3.25, 0, 0, 1, 1, 0, 0, 0, 1, 0)}, {CFrame.new(-28.739502, 61.1014214, -5.25024414, 0, 0, -1, 0, 1, 0, 1, 0, 0)}, {CFrame.new(-23.237793, 37.5022888, -0.249267578, 0, 0, 1, 1, 0, 0, 0, 1, 0)}, {CFrame.new(-17.237793, 37.5030136, 5.25048828, 0, 0, 1, 1, 0, 0, 0, 1, 0)}, {CFrame.new(0.761474609, 41.5032578, -18.2495117, 0, 0, -1, 0, 1, 0, 1, 0, 0)}, {CFrame.new(-14.7397461, 61.1020164, -14.2504883, 0.707134247, -7.97517787e-05, -0.707079291, 7.97517787e-05, 1, -3.30324547e-05, 0.707079291, -3.30324547e-05, 0.707134247)}, {CFrame.new(5.26098633, 53.1054001, 29.2495117, 1, 0, 0, 0, 1, 0, 0, 0, 1)}, {CFrame.new(-17.2397461, 63.1024361, -5.25073242, 0, 0, 1, 1, 0, 0, 0, 1, 0)}, {CFrame.new(2.26171875, 37.50317, -21.7497559, 0, 0, 1, 1, 0, 0, 0, 1, 0)}, {CFrame.new(-13.2817383, 53.1035576, 15.7067871, 0.707134247, -0.000112784233, 0.707079291, 4.6719324e-05, 1, 0.000112784233, -0.707079291, -4.6719324e-05, 0.707134247)}, {CFrame.new(9.25976562, 63.1043129, -5.75073242, 0, 0, 1, 1, 0, 0, 0, 1, 0)}, {CFrame.new(-6.23828125, 41.5029335, -15.2492676, 0.707134247, -7.97517787e-05, -0.707079291, 7.97517787e-05, 1, -3.30324547e-05, 0.707079291, -3.30324547e-05, 0.707134247)}, {CFrame.new(29.7607422, 53.1056442, -4.75073242, 0, 0, 1, 0, 1, -0, -1, 0, 0)}, {CFrame.new(4.26196289, 37.5033989, -19.2497559, 0, 0, 1, 1, 0, 0, 0, 1, 0)}, {CFrame.new(2.25976562, 63.1031532, -21.7504883, 0, 0, 1, 1, 0, 0, 0, 1, 0)}, {CFrame.new(0.761962891, 41.5048714, 18.75, 0, 0, 1, 0, 1, -0, -1, 0, 0)}, {CFrame.new(15.2617188, 41.505825, 8.25, -0.707134247, -7.97517787e-05, 0.707079291, -7.97517787e-05, 1, 3.30324547e-05, -0.707079291, -3.30324547e-05, -0.707134247)}, {CFrame.new(7.76147461, 41.504261, -15.2497559, -0.707134247, -0.000112784233, -0.707079291, -4.6719324e-05, 1, -0.000112784233, 0.707079291, -4.6719324e-05, -0.707134247)}, {CFrame.new(0.259765625, 63.1038857, -1.25073242, 0, 0, 1, 1, 0, 0, 0, 1, 0)}, {CFrame.new(0.259765625, 63.1041451, 4.74902344, 0, 0, 1, 1, 0, 0, 0, 1, 0)}, {CFrame.new(15.2612305, 47.5065536, 8.24975586, -0.707134247, -7.97517787e-05, 0.707079291, -7.97517787e-05, 1, 3.30324547e-05, -0.707079291, -3.30324547e-05, -0.707134247)}, {CFrame.new(21.7597656, 63.1055183, 0.249023438, 0, 0, 1, 1, 0, 0, 0, 1, 0)}, {CFrame.new(20.7167969, 61.1048241, -9.70825195, -0.707134247, -0.000112784233, -0.707079291, -4.6719324e-05, 1, -0.000112784233, 0.707079291, -4.6719324e-05, -0.707134247)}, {CFrame.new(-4.23925781, 53.1020012, -29.2502441, -1, 0, 0, 0, 1, 0, 0, 0, -1)}, {CFrame.new(-7.74023438, 63.1027107, -14.7509766, 0, 0, 1, 1, 0, 0, 0, 1, 0)}, {CFrame.new(-14.7397461, 63.1031837, 7.74951172, 0, 0, 1, 1, 0, 0, 0, 1, 0)}, {CFrame.new(18.2617188, 41.5052605, -0.75, -1, 0, 0, 0, 1, 0, 0, 0, -1)}, {CFrame.new(0.761230469, 47.5056, 18.7497559, 0, 0, 1, 0, 1, -0, -1, 0, 0)}, {CFrame.new(-14.7380371, 37.5032692, 7.75048828, 0, 0, 1, 1, 0, 0, 0, 1, 0)}, {CFrame.new(-27.7353516, 6.5016222, -5.24780273, 0, 0, -1, 0, 1, 0, 1, 0, 0)}, {CFrame.new(-24.2363281, 17.0015564, 1.2746582, 1, 0, 0, 0, 0, 1, 0, -1, 0)}, {CFrame.new(8.26098633, 52.1051369, 12.7495117, 0, 0, 1, 1, 0, 0, 0, 1, 0)}, {CFrame.new(-6.23876953, 47.5036163, -15.2502441, 0.707134247, -7.97517787e-05, -0.707079291, 7.97517787e-05, 1, -3.30324547e-05, 0.707079291, -3.30324547e-05, 0.707134247)}, {CFrame.new(-13.2827148, 61.1035423, 15.706543, 0.707134247, -0.000112784233, 0.707079291, 4.6719324e-05, 1, 0.000112784233, -0.707079291, -4.6719324e-05, 0.707134247)}, {CFrame.new(-14.2399902, 63.1029243, -0.250732422, 0, 0, 1, 1, 0, 0, 0, 1, 0)}, {CFrame.new(-8.23974609, 63.1036263, 5.74926758, 0, 0, 1, 1, 0, 0, 0, 1, 0)}, {CFrame.new(-7.2824707, 61.1041985, 21.7062988, 0.707134247, -0.000112784233, 0.707079291, 4.6719324e-05, 1, 0.000112784233, -0.707079291, -4.6719324e-05, 0.707134247)}, {CFrame.new(21.7617188, 37.5055542, 0.25, 0, 0, 1, 1, 0, 0, 0, 1, 0)}, {CFrame.new(-14.7402344, 63.1024818, -7.75073242, 0, 0, 1, 1, 0, 0, 0, 1, 0)}, {CFrame.new(2.76220703, 37.5051842, 20.7502441, 0, 0, 1, 1, 0, 0, 0, 1, 0)}, {CFrame.new(18.7177734, 52.1048012, -7.20776367, -0.000127196312, 0.707060337, -0.70715332, 1.00000012, 3.34978104e-05, -0.000146061182, -7.94827938e-05, -0.70715332, -0.707060575)}, {CFrame.new(0.760986328, 52.104557, 15.2495117, 0, 1, 0, 1, 0, 0, 0, 0, -1)}, {CFrame.new(-25.737793, 36.9161835, -0.249755859, 0, 1, 0, 1, 0, 0, 0, 0, -1)}, {CFrame.new(0.760742188, 52.1034813, -9.25024414, 0, 1, 0, 1, 0, 0, 0, 0, -1)}, {CFrame.new(29.7597656, 61.1060448, 5.24902344, 0, 0, 1, 0, 1, -0, -1, 0, 0)}, {CFrame.new(-7.23779297, 37.5042076, 15.2502441, 0, 0, 1, 1, 0, 0, 0, 1, 0)}, {CFrame.new(13.7612305, 47.5064774, 9.74951172, -0.707134247, -7.97517787e-05, 0.707079291, -7.97517787e-05, 1, 3.30324547e-05, -0.707079291, -3.30324547e-05, -0.707134247)}, {CFrame.new(-18.7363281, 11.5012665, -26.7480469, 0, 0, -1, -1, 0, 0, 0, 1, 0)}, {CFrame.new(-23.2626953, 2.00074339, -27.1643066, 0, 1, -0, -1, 0, 0, 0, 0, 1)}, {CFrame.new(0.260009766, 63.103611, -7.25097656, 0, 0, 1, 1, 0, 0, 0, 1, 0)}, {CFrame.new(6.76074219, 52.1036911, -15.2502441, 0, 0, 1, 1, 0, 0, 0, 1, 0)}, {CFrame.new(-0.235839844, 10.0036469, -1.74853516, 0, 1, -0, -1, 0, 0, 0, 0, 1)}, {CFrame.new(-0.23828125, 37.5030251, -20.7495117, 0, 0, 1, 1, 0, 0, 0, 1, 0)}, {CFrame.new(7.26074219, 52.1040192, -9.25048828, 0, 0, 1, 1, 0, 0, 0, 1, 0)}, {CFrame.new(-4.23681641, 19.5020561, -28.2487793, -1, 0, 0, 0, 1, 0, 0, 0, -1)}, {CFrame.new(10.7636719, 11.5031128, -30.7485352, 0, 0, -1, 0, 1, 0, 1, 0, 0)}, {CFrame.new(5.76269531, 24.5027885, -28.2487793, -1, 0, 0, 0, 1, 0, 0, 0, -1)}, {CFrame.new(-4.23706055, 24.5020752, -28.2490234, -1, 0, 0, 0, 1, 0, 0, 0, -1)}, {CFrame.new(0.762695312, 24.5023003, -31.7490234, 0, 0, -1, 0, 1, 0, 1, 0, 0)}, {CFrame.new(10.7641602, 5.5031147, -30.748291, 0, 0, -1, 0, 1, 0, 1, 0, 0)}, {CFrame.new(19.763916, 5.50378227, -30.748291, 0, 0, -1, 0, 1, 0, 1, 0, 0)}, {CFrame.new(-32.2392578, 53.1013641, -0.25, 1, 0, 0, 0, 1, 0, 0, 0, 1)}, {CFrame.new(19.7634277, 11.5037804, -30.7485352, 0, 0, -1, 0, 1, 0, 1, 0, 0)}, {CFrame.new(-4.23754883, 27.502037, -29.2492676, -1, 0, 0, 0, 1, 0, 0, 0, -1)}, {CFrame.new(-19.2819824, 53.10289, 9.70703125, 0.707134247, -0.000112784233, 0.707079291, 4.6719324e-05, 1, 0.000112784233, -0.707079291, -4.6719324e-05, 0.707134247)}, {CFrame.new(5.76220703, 27.5027695, -29.2492676, -1, 0, 0, 0, 1, 0, 0, 0, -1)}, {CFrame.new(0.762695312, 26.5024643, -28.7490234, 0, 0, 1, 1, 0, 0, 0, 1, 0)}, {CFrame.new(0.762695312, 27.5022621, -32.7492676, 0, 0, -1, 0, 1, 0, 1, 0, 0)}, {CFrame.new(-17.262207, 2.00362635, 26.8354492, 0, 1, -0, -1, 0, 0, 0, 0, 1)}, {CFrame.new(-8.26269531, 2.0017848, -27.1647949, 0, 1, -0, -1, 0, 0, 0, 0, 1)}, {CFrame.new(19.7373047, 2.00486803, -2.16455078, 0, 1, -0, -1, 0, 0, 0, 0, 1)}, {CFrame.new(-7.28173828, 53.1041908, 21.706543, 0.707134247, -0.000112784233, 0.707079291, 4.6719324e-05, 1, 0.000112784233, -0.707079291, -4.6719324e-05, 0.707134247)}, {CFrame.new(27.263916, 11.5062332, 10.2512207, 0, -1, -0, -1, 0, -0, 0, 0, -1)}, {CFrame.new(-26.2355957, 11.5029316, 19.251709, 0, 1, -0, -1, 0, 0, 0, 0, 1)}, {CFrame.new(-28.7370605, 27.5014191, -5.2487793, 0, 0, -1, 0, 1, 0, 1, 0, 0)}, {CFrame.new(-8.26269531, 2.00210476, -19.1643066, 0, 1, -0, -1, 0, 0, 0, 0, 1)}, {CFrame.new(29.762207, 35.5056915, -4.75, 0, 0, 1, 0, 1, -0, -1, 0, 0)}, {CFrame.new(10.7646484, 5.50598335, 30.7514648, 0, 0, 1, 0, 1, -0, -1, 0, 0)}, {CFrame.new(0.760742188, 52.1026459, -22.7502441, 0, 0, 1, 1, 0, 0, 0, 1, 0)}, {CFrame.new(15.7368164, 2.00388622, -18.1647949, 0, 1, -0, -1, 0, 0, 0, 0, 1)}, {CFrame.new(-16.3461914, 4.41653824, -10.8588867, -0.707060218, -3.32891941e-05, 0.707153201, -0.707153201, 8.04066658e-05, -0.707060277, -3.32891941e-05, -0.99999994, -8.03470612e-05)}, {CFrame.new(21.2373047, 2.00589991, 17.8349609, 0, 1, -0, -1, 0, 0, 0, 0, 1)}, {CFrame.new(10.7646484, 8.41971016, 20.7514648, 8.02278519e-05, -1.00000012, 3.32891941e-05, -0.707060337, -8.04662704e-05, -0.70715332, 0.70715332, 3.32891941e-05, -0.707060575)}, {CFrame.new(-30.2355957, 11.5025768, 19.251709, 1, 0, 0, 0, 1, 0, 0, 0, 1)}, {CFrame.new(-7.76220703, 2.0033946, 8.83544922, 0, 1, -0, -1, 0, 0, 0, 0, 1)}, {CFrame.new(15.7373047, 2.00434017, -9.16455078, 0, 1, -0, -1, 0, 0, 0, 0, 1)}, {CFrame.new(-13.2392578, 52.1025848, -6.25024414, 0, 0, 1, 1, 0, 0, 0, 1, 0)}, {CFrame.new(12.2612305, 43.1049042, -0.25, -1, 0, -0, 0, 0, -1, 0, -1, -0)}, {CFrame.new(16.7607422, 52.1052322, 1.74951172, 0, 0, 1, 1, 0, 0, 0, 1, 0)}, {CFrame.new(-5.73876953, 52.1038017, 9.24975586, 0, 0, 1, 1, 0, 0, 0, 1, 0)}, {CFrame.new(-5.73925781, 52.1028214, -15.2502441, 0, 0, 1, 1, 0, 0, 0, 1, 0)}, {CFrame.new(9.73730469, 2.00389051, -9.16455078, 0, 1, -0, -1, 0, 0, 0, 0, 1)}, {CFrame.new(-9.73974609, 63.1038246, 12.7492676, 0, 0, 1, 1, 0, 0, 0, 1, 0)}, {CFrame.new(-27.7363281, 18.5015564, -5.24853516, 0, 0, -1, 0, 1, 0, 1, 0, 0)}, {CFrame.new(0.264648438, 11.5050392, 27.7514648, 0, 0, 1, -1, 0, 0, 0, -1, 0)}, {CFrame.new(-10.2402344, 63.1026497, -12.2507324, 0, 0, 1, 1, 0, 0, 0, 1, 0)}, {CFrame.new(22.2167969, 61.1049614, -8.20800781, -0.707134247, -0.000112784233, -0.707079291, -4.6719324e-05, 1, -0.000112784233, 0.707079291, -4.6719324e-05, -0.707134247)}, {CFrame.new(31.2641602, 11.5068741, 19.2509766, -1, 0, 0, 0, 1, 0, 0, 0, -1)}, {CFrame.new(0.260742188, 52.1048393, 22.7497559, 0, 0, -1, 1, 0, 0, 0, -1, 0)}, {CFrame.new(14.2607422, 52.1052666, 6.74951172, 0, 0, 1, 1, 0, 0, 0, 1, 0)}, {CFrame.new(-1.76220703, 2.00420618, 17.8352051, 0, 1, -0, -1, 0, 0, 0, 0, 1)}, {CFrame.new(12.7177734, 52.1040611, -13.2075195, -0.000127196312, 0.707060337, -0.70715332, 1.00000012, 3.34978104e-05, -0.000146061182, -7.94827938e-05, -0.70715332, -0.707060575)}, {CFrame.new(7.17529297, 52.1052284, 18.2495117, -8.04662704e-05, 0.707060337, 0.70715332, 1.00000012, 8.02278519e-05, 3.32891941e-05, -3.32891941e-05, 0.70715332, -0.707060575)}, {CFrame.new(11.262207, 37.5054131, 12.2502441, 0, 0, 1, 1, 0, 0, 0, 1, 0)}, {CFrame.new(0.259765625, 63.1028938, -22.7509766, 0, 0, 1, 1, 0, 0, 0, 1, 0)}, {CFrame.new(-8.73999023, 61.1021538, -20.2507324, 0.707134247, -7.97517787e-05, -0.707079291, 7.97517787e-05, 1, -3.30324547e-05, 0.707079291, -3.30324547e-05, 0.707134247)}, {CFrame.new(-28.237793, 37.5016975, -0.249267578, 0, 1, 0, 1, 0, 0, 0, 0, -1)}, {CFrame.new(-4.73681641, 27.5047722, 29.2507324, 1, 0, 0, 0, 1, 0, 0, 0, 1)}, {CFrame.new(5.26318359, 24.5054741, 28.2509766, 1, 0, 0, 0, 1, 0, 0, 0, 1)}, {CFrame.new(-23.2397461, 63.1022377, -0.250732422, 0, 0, 1, 1, 0, 0, 0, 1, 0)}, {CFrame.new(0.262207031, 37.5047874, 16.7502441, 0, 0, 1, 1, 0, 0, 0, 1, 0)}, {CFrame.new(-14.2626953, 2.00137997, -27.1643066, 0, 1, -0, -1, 0, 0, 0, 0, 1)}, {CFrame.new(26.6176758, 11.5069866, 27.6047363, -0.707134247, -7.97517787e-05, 0.707079291, -7.97517787e-05, 1, 3.30324547e-05, -0.707079291, -3.30324547e-05, -0.707134247)}, {CFrame.new(-33.262207, 0.00135803223, 1.8359375, 1, 0, 0, 0, 1, 0, 0, 0, 1)}, {CFrame.new(31.237793, 0.00698280334, 26.8352051, -1, 0, 0, 0, 1, 0, 0, 0, -1)}, {CFrame.new(9.23730469, 2.00460672, 8.83520508, 0, 1, -0, -1, 0, 0, 0, 0, 1)}, {CFrame.new(-9.26245117, 2.00331211, 7.83544922, 0, 1, -0, -1, 0, 0, 0, 0, 1)}, {CFrame.new(29.7607422, 53.1060219, 5.24951172, 0, 0, 1, 0, 1, -0, -1, 0, 0)}, {CFrame.new(0.76171875, 37.5024223, -28.7495117, 0, 0, 1, 1, 0, 0, 0, 1, 0)}, {CFrame.new(-11.262207, 2.00316906, 8.83544922, 0, 1, -0, -1, 0, 0, 0, 0, 1)}, {CFrame.new(0.761962891, 41.5049629, 18.75, 0, 0, 1, 0, 1, -0, -1, 0, 0)}, {CFrame.new(-30.2353516, 3.50085068, -19.2475586, 1, 0, 0, 0, 1, 0, 0, 0, 1)}, {CFrame.new(6.75976562, 63.1044197, 0.249267578, 0, 0, 1, 1, 0, 0, 0, 1, 0)}, {CFrame.new(28.7631836, 18.5056496, -4.74902344, 0, 0, 1, 0, 1, -0, -1, 0, 0)}, {CFrame.new(0.260253906, 63.1049995, 28.7490234, 0, 0, -1, 1, 0, 0, 0, -1, 0)}, {CFrame.new(10.7646484, 4.50543022, 16.751709, 8.02278519e-05, -1.00000012, 3.32891941e-05, -0.707060337, -8.04662704e-05, -0.70715332, 0.70715332, 3.32891941e-05, -0.707060575)}, {CFrame.new(-17.237793, 37.5025902, -5.24951172, 0, 0, 1, 1, 0, 0, 0, 1, 0)}, {CFrame.new(-4.73974609, 61.104763, 29.2490234, 1, 0, 0, 0, 1, 0, 0, 0, 1)}, {CFrame.new(-21.2626953, 2.00165749, -10.1645508, 0, 1, -0, -1, 0, 0, 0, 0, 1)}, {CFrame.new(17.0097656, 63.1046486, -6.00097656, 0, 0, 1, 1, 0, 0, 0, 1, 0)}, {CFrame.new(33.262207, 35.5061722, 0.25, -1, 0, 0, 0, 1, 0, 0, 0, -1)}, {CFrame.new(12.2612305, 46.604866, -0.250244141, -1, 0, -0, 0, 0, -1, 0, -1, -0)}, {CFrame.new(-4.23999023, 63.1030769, -12.2507324, 0, 0, 1, 1, 0, 0, 0, 1, 0)}, {CFrame.new(8.76171875, 37.5039825, -14.7497559, 0, 0, 1, 1, 0, 0, 0, 1, 0)}, {CFrame.new(0.260009766, 63.1044655, 10.7490234, 0, 0, 1, 1, 0, 0, 0, 1, 0)}, {CFrame.new(-13.7390137, 52.1026649, -0.25, 0, 0, 1, 1, 0, 0, 0, 1, 0)}, {CFrame.new(10.2607422, 52.1042442, -7.25048828, 0, 0, 1, 1, 0, 0, 0, 1, 0)}, {CFrame.new(-8.23828125, 37.50317, -6.24951172, 0, 0, 1, 1, 0, 0, 0, 1, 0)}, {CFrame.new(-19.2827148, 61.1029015, 9.70654297, 0.707134247, -0.000112784233, 0.707079291, 4.6719324e-05, 1, 0.000112784233, -0.707079291, -4.6719324e-05, 0.707134247)}, {CFrame.new(0.262207031, 37.5044746, 10.7502441, 0, 0, 1, 1, 0, 0, 0, 1, 0)}, {CFrame.new(32.2636719, 12.5060501, 0.251220703, -1, 0, 0, 0, 1, 0, 0, 0, -1)}, {CFrame.new(19.7641602, 11.5066032, 30.7512207, 0, 0, 1, 0, 1, -0, -1, 0, 0)}, {CFrame.new(28.1176758, 11.5070858, 26.1047363, -0.707134247, -7.97517787e-05, 0.707079291, -7.97517787e-05, 1, 3.30324547e-05, -0.707079291, -3.30324547e-05, -0.707134247)}, {CFrame.new(-16.7382812, 41.5025444, -0.749511719, 1, 0, 0, 0, 1, 0, 0, 0, 1)}, {CFrame.new(-16.7387695, 47.5036125, 1.25024414, 1, 0, 0, 0, 1, 0, 0, 0, 1)}, {CFrame.new(32.2631836, 20.5060692, 0.250976562, -1, 0, 0, 0, 1, 0, 0, 0, -1)}, {CFrame.new(5.76074219, 53.1027107, -29.2502441, -1, 0, 0, 0, 1, 0, 0, 0, -1)}, {CFrame.new(4.90869141, 37.5049858, 18.810791, 0, 0, 1, 1, 0, 0, 0, 1, 0)}, {CFrame.new(-6.73925781, 52.1030731, -6.25024414, 0, 0, 1, 1, 0, 0, 0, 1, 0)}, {CFrame.new(0.261230469, 52.1050568, 28.7492676, 0, 0, -1, 1, 0, 0, 0, -1, 0)}, {CFrame.new(-30.7348633, 1.50161469, -0.247558594, 1, 0, 0, 0, 1, 0, 0, 0, 1)}, {CFrame.new(6.75976562, 63.1036568, -17.2509766, 0, 0, 1, 1, 0, 0, 0, 1, 0)}, {CFrame.new(-1.73925781, 52.1025429, -22.7504883, -8.03470612e-05, -0.707060277, -0.707153201, 0.99999994, -8.03470612e-05, -3.32891941e-05, -3.32891941e-05, -0.707153201, 0.707060337)}, {CFrame.new(6.26025391, 63.1051826, 17.2490234, 0, 0, 1, 1, 0, 0, 0, 1, 0)}, {CFrame.new(0.264648438, 6.50525475, 31.7514648, 0, 0, 1, 0, 1, -0, -1, 0, 0)}, {CFrame.new(-33.262207, 0.00247478485, 28.8359375, 1, 0, 0, 0, 1, 0, 0, 0, 1)}, {CFrame.new(-6.23828125, 47.5053101, 15.7497559, 0.707134247, -0.000112784233, 0.707079291, 4.6719324e-05, 1, 0.000112784233, -0.707079291, -4.6719324e-05, 0.707134247)}, {CFrame.new(8.71679688, 61.1033745, -21.7080078, -0.707134247, -0.000112784233, -0.707079291, -4.6719324e-05, 1, -0.000112784233, 0.707079291, -4.6719324e-05, -0.707134247)}, {CFrame.new(4.25976562, 63.1033669, -19.2504883, 0, 0, 1, 1, 0, 0, 0, 1, 0)}, {CFrame.new(3.73730469, 2.00294447, -19.1645508, 0, 1, -0, -1, 0, 0, 0, 0, 1)}, {CFrame.new(-17.2626953, 2.00116348, -27.1643066, 0, 1, -0, -1, 0, 0, 0, 0, 1)}, {CFrame.new(-13.7382812, 41.5027084, -7.74951172, 0.707134247, -7.97517787e-05, -0.707079291, 7.97517787e-05, 1, -3.30324547e-05, 0.707079291, -3.30324547e-05, 0.707134247)}, {CFrame.new(15.2597656, 63.1047096, -5.75073242, 0, 0, 1, 1, 0, 0, 0, 1, 0)}, {CFrame.new(-13.7382812, 41.5037766, 8.25048828, 0.707134247, -0.000112784233, 0.707079291, 4.6719324e-05, 1, 0.000112784233, -0.707079291, -4.6719324e-05, 0.707134247)}, {CFrame.new(0.259765625, 63.1033821, -13.2509766, 0, 0, 1, 1, 0, 0, 0, 1, 0)}, {CFrame.new(-7.23925781, 53.1021385, -21.7502441, 0.707134247, -7.97517787e-05, -0.707079291, 7.97517787e-05, 1, -3.30324547e-05, 0.707079291, -3.30324547e-05, 0.707134247)}, {CFrame.new(15.595459, 63.1044807, -8.12231445, 0, 0, 1, 1, 0, 0, 0, 1, 0)}, {CFrame.new(7.76123047, 47.5063324, 15.7497559, -0.707134247, -7.97517787e-05, 0.707079291, -7.97517787e-05, 1, 3.30324547e-05, -0.707079291, -3.30324547e-05, -0.707134247)}, {CFrame.new(0.263183594, 24.5052147, 31.7509766, 0, 0, 1, 0, 1, -0, -1, 0, 0)}, {CFrame.new(-9.73779297, 37.5038986, 12.7504883, 0, 0, 1, 1, 0, 0, 0, 1, 0)}, {CFrame.new(-12.2390137, 52.1033554, 7.24951172, 0, 0, 1, 1, 0, 0, 0, 1, 0)}, {CFrame.new(-28.7373047, 35.5018959, 4.75073242, 0, 0, -1, 0, 1, 0, 1, 0, 0)}, {CFrame.new(17.7619629, 37.5055084, 5.75, 0, 0, 1, 1, 0, 0, 0, 1, 0)}, {CFrame.new(27.2373047, 2.00589561, 8.83496094, 0, 1, -0, -1, 0, 0, 0, 0, 1)}, {CFrame.new(9.26123047, 47.5051231, -13.7504883, -0.707134247, -0.000112784233, -0.707079291, -4.6719324e-05, 1, -0.000112784233, 0.707079291, -4.6719324e-05, -0.707134247)}, {CFrame.new(-8.23779297, 37.503624, 5.75048828, 0, 0, 1, 1, 0, 0, 0, 1, 0)}, {CFrame.new(10.7641602, 11.5058899, 26.7512207, 0, 0, 1, -1, 0, 0, 0, -1, 0)}, {CFrame.new(-5.28222656, 52.104393, 19.2067871, 3.36766243e-05, -0.707060277, 0.707153201, 0.99999994, 0.000127077103, 7.94529915e-05, -0.000146061182, 0.707153201, 0.707060337)}, {CFrame.new(5.26269531, 27.5054855, 29.2507324, 1, 0, 0, 0, 1, 0, 0, 0, 1)}, {CFrame.new(15.2617188, 41.5050812, -7.75, -0.707134247, -0.000112784233, -0.707079291, -4.6719324e-05, 1, -0.000112784233, 0.707079291, -4.6719324e-05, -0.707134247)}, {CFrame.new(0.760742188, 52.104248, 8.24951172, 0, 1, 0, 1, 0, 0, 0, 0, -1)}, {CFrame.new(-26.2358398, 11.5014973, -10.2480469, 0, 1, -0, -1, 0, 0, 0, 0, 1)}, {CFrame.new(-8.23999023, 63.1030769, -6.25097656, 0, 0, 1, 1, 0, 0, 0, 1, 0)}, {CFrame.new(0.26171875, 37.5031624, -19.2497559, 0, 0, 1, 1, 0, 0, 0, 1, 0)}, {CFrame.new(33.2597656, 61.1061058, 0.249023438, -1, 0, 0, 0, 1, 0, 0, 0, -1)}, {CFrame.new(-20.7819824, 53.1026344, 8.20678711, 0.707134247, -0.000112784233, 0.707079291, 4.6719324e-05, 1, 0.000112784233, -0.707079291, -4.6719324e-05, 0.707134247)}, {CFrame.new(13.2597656, 63.1043434, -10.7509766, 0, 0, 1, 1, 0, 0, 0, 1, 0)}, {CFrame.new(28.7636719, 12.505579, -4.74902344, 0, 0, 1, 0, 1, -0, -1, 0, 0)}, {CFrame.new(-4.73779297, 37.5044785, 17.7502441, 0, 0, 1, 1, 0, 0, 0, 1, 0)}, {CFrame.new(-16.7382812, 41.5029449, 1.25048828, 1, 0, 0, 0, 1, 0, 0, 0, 1)}, {CFrame.new(9.73779297, 0.00568294525, 32.3349609, 0, 0, 1, 0, 1, -0, -1, 0, 0)}, {CFrame.new(-4.23779297, 35.502079, -29.2495117, -1, 0, 0, 0, 1, 0, 0, 0, -1)}, {CFrame.new(0.259765625, 63.1031227, -19.2507324, 0, 0, 1, 1, 0, 0, 0, 1, 0)}, {CFrame.new(12.762207, 37.5049171, 0.25, 0, 0, 1, 1, 0, 0, 0, 1, 0)}, {CFrame.new(0.761474609, 41.5029221, -18.2495117, 0, 0, -1, 0, 1, 0, 1, 0, 0)}, {CFrame.new(0.261962891, 37.503727, -7.24975586, 0, 0, 1, 1, 0, 0, 0, 1, 0)}, {CFrame.new(23.2607422, 52.1053658, 0.249267578, 0, -1, 0, 1, 0, -0, 0, 0, 1)}, {CFrame.new(-30.2358398, 9.50123978, -10.248291, 1, 0, 0, 0, 1, 0, 0, 0, 1)}, {CFrame.new(9.25976562, 63.1040077, -11.7507324, 0, 0, 1, 1, 0, 0, 0, 1, 0)}, {CFrame.new(-29.262207, 2.00112486, -9.16430664, 0, 1, -0, -1, 0, 0, 0, 0, 1)}, {CFrame.new(17.0117188, 37.5048141, -5.99975586, 0, 0, 1, 1, 0, 0, 0, 1, 0)}, {CFrame.new(-9.34667969, 8.33063126, -21.3591309, 1.4424324e-05, 1, 5.96046448e-06, -0.707153678, 1.4424324e-05, -0.707059801, -0.707059801, 5.96046448e-06, 0.707153738)}, {CFrame.new(9.73730469, 2.00302935, -27.1645508, 0, 1, -0, -1, 0, 0, 0, 0, 1)}, {CFrame.new(0.759765625, 63.102314, -28.7507324, 0, 0, 1, 1, 0, 0, 0, 1, 0)}, {CFrame.new(15.262207, 37.5054054, 6.25024414, 0, 0, 1, 1, 0, 0, 0, 1, 0)}, {CFrame.new(-8.73730469, 32.003315, -0.249267578, 1, 0, 0, 0, 0, -1, 0, 1, 0)}, {CFrame.new(0.260253906, 61.1052055, 32.7490234, 0, 0, 1, 0, 1, -0, -1, 0, 0)}, {CFrame.new(-28.2397461, 63.1016426, -0.250488281, 0, 1, 0, 1, 0, 0, 0, 0, -1)}, {CFrame.new(0.261962891, 37.5034447, -13.2495117, 0, 0, 1, 1, 0, 0, 0, 1, 0)}, {CFrame.new(-27.2353516, 3.50075912, -26.2478027, 0.707134247, -7.97517787e-05, -0.707079291, 7.97517787e-05, 1, -3.30324547e-05, 0.707079291, -3.30324547e-05, 0.707134247)}, {CFrame.new(29.7597656, 61.1056938, -4.7512207, 0, 0, 1, 0, 1, -0, -1, 0, 0)}, {CFrame.new(8.76025391, 63.1052589, 14.7487793, 0, 0, 1, 1, 0, 0, 0, 1, 0)}, {CFrame.new(-20.7392578, 53.1017685, -8.25024414, 0.707134247, -7.97517787e-05, -0.707079291, 7.97517787e-05, 1, -3.30324547e-05, 0.707079291, -3.30324547e-05, 0.707134247)}, {CFrame.new(0.760742188, 52.1023636, -28.7504883, 0, 0, 1, 1, 0, 0, 0, 1, 0)}, {CFrame.new(-26.9855957, 11.5027924, 26.3549805, 0.707134247, -0.000112784233, 0.707079291, 4.6719324e-05, 1, 0.000112784233, -0.707079291, -4.6719324e-05, 0.707134247)}, {CFrame.new(21.7617188, 37.5054855, -2.75, 0, 0, 1, 1, 0, 0, 0, 1, 0)}, {CFrame.new(8.26074219, 52.1048889, 7.74926758, 0, 0, 1, 1, 0, 0, 0, 1, 0)}, {CFrame.new(8.17529297, 53.1052513